% # columns="iteration, evaluation, sigma, axis ratio, bestever, best, median, worst objective function value, further objective values of best", seed=924498, Tue Jul 26 18:08:17 2022, <python>{}</python>
1 10 0.44954239617635533 1.0000437509570452 64.59996202584902 6.4599962025849024e+01 322.7947893554281 555.8661374125699   
2 20 0.3743967372594868 1.158824566746084 35.54143561805557 3.5541435618055573e+01 175.46242473084178 1171.1440200396269   
3 30 0.32399523922173407 1.2165446861630493 20.375465442991807 2.0375465442991807e+01 112.57769267901728 295.4854533172734   
4 40 0.28872709246236905 1.250636419346131 20.375465442991807 2.9283342433445810e+01 87.77187323982977 235.34168343224115   
5 50 0.2698732876989141 1.3386747112812027 20.375465442991807 5.4742445209301081e+01 83.85203609224263 198.5526895550572   
6 60 0.2371062040128858 1.3765014248410643 18.258114560071114 1.8258114560071114e+01 78.39360182987139 198.0290252375313   
7 70 0.2130370083311473 1.354767490878831 18.258114560071114 1.9117615175865851e+01 56.954625687756774 107.52431257715546   
8 80 0.19142293395221127 1.3547585595853702 13.790950370892418 1.3790950370892418e+01 32.024628432012065 50.89703854589909   
9 90 0.1711959339540279 1.3681428504929836 11.556802561804437 1.1556802561804437e+01 28.28860810046351 39.163539753965274   
10 100 0.1497971888287087 1.323467185972913 11.556802561804437 1.3578877536889255e+01 30.233651567048263 47.83583210235138   
11 110 0.1412269505409734 1.3705486282834263 11.556802561804437 1.6382027762201016e+01 28.092539477332696 62.62757858820926   
12 120 0.14287201527502844 1.3974443759192516 11.556802561804437 1.4740032476554347e+01 22.1205187640994 43.23725990915821   
13 130 0.13059312309590826 1.4226764600915325 11.556802561804437 1.2387991027017753e+01 21.23637260171192 37.71982034786585   
14 140 0.12223801813676376 1.4029920132725215 9.6298314398377 9.6298314398376998e+00 20.215104089378126 31.80884936518668   
15 150 0.10898679980284719 1.464647656478258 9.6298314398377 1.0443149173861594e+01 14.878692931525535 19.520645077005906   
16 160 0.09348839180676084 1.5198583508037076 9.6298314398377 1.0694209331106524e+01 17.58416443609796 25.416521389169517   
17 170 0.08100803136217415 1.6175166107889516 8.941454811737563 8.9414548117375627e+00 10.715319386484266 15.967005356687954   
18 180 0.06937807968762774 1.6009996149134564 8.916553940270058 8.9165539402700578e+00 10.12820727190469 11.71434520979437   
19 190 0.06588563260754485 1.6138993238307027 8.102855663808748 8.1028556638087483e+00 9.484587147175727 12.31181400344744   
20 200 0.061926016482746614 1.6952426855980658 8.102855663808748 8.1917704742564332e+00 9.509043104541382 16.864422640060027   
21 210 0.056528221010982205 1.7847020541730867 8.102855663808748 8.1843455320495355e+00 10.100437424429368 11.391961405176474   
22 220 0.05687193637541005 1.7752695690195974 7.811886893528776 7.8118868935287757e+00 8.690875446229965 10.390281411207894   
23 230 0.05009208455844327 1.8378697204799928 7.751392240210308 7.7513922402103077e+00 8.822601545551827 9.735755978160615   
24 240 0.043323730795900246 1.8264905863306842 7.751392240210308 7.7959634678298340e+00 8.456696045537681 11.010390963217844   
25 250 0.03590465223010837 1.7765486335685634 7.751392240210308 7.9513569022568564e+00 8.290092592149739 8.932818517883689   
26 260 0.03259028040380159 1.7655570371923153 7.751392240210308 7.8189843684618765e+00 8.214992817066483 8.36244664418123   
27 270 0.030098736988680517 1.7953829802756713 7.751392240210308 7.7551153071856200e+00 7.969408935905157 8.234817972599354   
28 280 0.027755178562398324 1.9122107481337498 7.716114580886899 7.7161145808868987e+00 8.01002471994009 8.244795017947162   
29 290 0.023710642051599642 1.8824031764371563 7.695035920750045 7.6950359207500449e+00 7.819808507818225 8.08956911965153   
30 300 0.02086406027842567 1.816715639959246 7.624641485951409 7.6246414859514093e+00 7.810839462704758 7.893179889798574   
31 310 0.02044787545303476 1.8631446914843997 7.624641485951409 7.6522026825813994e+00 7.724787186209875 7.789917403356164   
32 320 0.019690864496959337 1.953070091585895 7.620365144660876 7.6203651446608758e+00 7.69775631128837 7.86335602080081   
33 330 0.018189049715117294 2.041654527063866 7.616756997994462 7.6167569979944618e+00 7.683035950590176 7.748965840598521   
34 340 0.017943566265074776 2.0096778001535585 7.586800197195744 7.5868001971957444e+00 7.677590623362389 7.774496619589675   
35 350 0.01871219822933271 2.0830722178959755 7.57882977267799 7.5788297726779899e+00 7.645612723051789 7.70943591659599   
36 360 0.018291380010983252 2.0695278028811868 7.57882977267799 7.5827290980456583e+00 7.618572104380776 7.72128665378869   
37 370 0.01641606039527523 2.1294542778231986 7.57882977267799 7.5815496516475234e+00 7.65759403947503 7.6849564563549055   
38 380 0.015538462463848181 2.141173269522319 7.57882977267799 7.5827324979975250e+00 7.604083489104182 7.671694491111801   
39 390 0.013581375976992254 2.154233355599347 7.5620431428656465 7.5620431428656465e+00 7.594220137731943 7.6990055963330395   
40 400 0.012052887596164696 2.168243176042437 7.560350622947235 7.5603506229472348e+00 7.57668960050756 7.665064257423669   
41 410 0.010466612991286305 2.1601660178932613 7.548866591029562 7.5488665910295616e+00 7.595911100513208 7.61100505891816   
42 420 0.0099099870441534 2.125225234418233 7.541045726363574 7.5410457263635742e+00 7.573969286730092 7.5881327523576445   
43 430 0.00914596974049278 2.3057485851016386 7.540817684580521 7.5408176845805208e+00 7.5582403356923775 7.571730425121956   
44 440 0.008938422378364919 2.3751807244707375 7.5406743084551655 7.5406743084551655e+00 7.557800956241112 7.584339916118359   
45 450 0.008664691609478506 2.4459302029063643 7.5368840923758125 7.5368840923758125e+00 7.551452822826261 7.560044967679334   
46 460 0.00929754248527163 2.4453385033434825 7.532806517365497 7.5328065173654970e+00 7.547822061272147 7.553144230065286   
47 470 0.009424151013306 2.7373415875955365 7.532751137659431 7.5327511376594307e+00 7.549500764585298 7.569362848096572   
48 480 0.010255547296314716 2.854416976120362 7.530981303778862 7.5309813037788622e+00 7.547923928015953 7.563663454985497   
49 490 0.010375534320055859 3.0351462476554163 7.519339742453326 7.5193397424533259e+00 7.540245902407388 7.578148856851021   
50 500 0.010746705353795096 3.393107615087173 7.509541004963993 7.5095410049639932e+00 7.526332237218464 7.5465924750170625   
51 510 0.010811106488672477 3.5560900878266386 7.509541004963993 7.5161737194102560e+00 7.528109082534085 7.555297650113731   
52 520 0.011984635986320767 3.4290046748222816 7.509541004963993 7.5148410172141977e+00 7.535350471475859 7.550484752109035   
53 530 0.011513154988329647 3.730272011201906 7.509541004963993 7.5166268644465193e+00 7.532024559168721 7.561221773246996   
54 540 0.010860010932700847 3.7603938412321662 7.509541004963993 7.5099706789172416e+00 7.530613642063281 7.5870635468520184   
55 550 0.010905467733041314 3.6813467037613568 7.504795440952819 7.5047954409528188e+00 7.5111150543840175 7.551191663898285   
56 560 0.012977510148936285 3.807793098986126 7.48332653107038 7.4833265310703796e+00 7.507587416462545 7.555914018058049   
57 570 0.013694490046601823 4.152702950807984 7.48332653107038 7.4849555100398648e+00 7.50652243734897 7.519491620197133   
58 580 0.01349607028501213 4.146429335426458 7.471663281811344 7.4716632818113444e+00 7.506054996921518 7.549020383360595   
59 590 0.014260262675275411 4.268541171610349 7.449516245938078 7.4495162459380779e+00 7.48729574127632 7.503151841852843   
60 600 0.012977739615070014 4.666823118747154 7.449516245938078 7.4580485832309575e+00 7.506791847501188 7.533513887029439   
61 610 0.011661959173626986 4.845908224831536 7.449516245938078 7.4543167572080744e+00 7.486520727724036 7.521372442115262   
62 620 0.012063156490869743 5.070446801309963 7.430179241215324 7.4301792412153240e+00 7.4775517200542305 7.502397638483487   
63 630 0.014253605661100338 5.104951679773229 7.406973741469364 7.4069737414693639e+00 7.458152549259788 7.472447096766817   
64 640 0.018131374934132388 5.3640118694075625 7.391144689739534 7.3911446897395336e+00 7.426039784980164 7.479612332789676   
65 650 0.020262391774618763 5.319039083438332 7.388977388941931 7.3889773889419308e+00 7.436725339069547 7.478160745692978   
66 660 0.023570393067284562 5.099817177930972 7.3611584952476425 7.3611584952476425e+00 7.406509516276026 7.4834802124791455   
67 670 0.028731565028112187 5.6070622183867185 7.319827836943826 7.3198278369438263e+00 7.390837369614301 7.44313652970761   
68 680 0.030707980151294213 5.741925162110117 7.319827836943826 7.3332151028204251e+00 7.411270318000322 7.775741083067041   
69 690 0.033146247656732485 5.894728701324825 7.28454168108305 7.2845416810830503e+00 7.440883879632738 7.514979257174178   
70 700 0.0357325670958402 6.129838865329691 7.227751174212269 7.2277511742122691e+00 7.44484361818428 7.792350639715693   
71 710 0.04178232875433781 6.446436913605102 7.193052582881496 7.1930525828814957e+00 7.319719615420578 7.676419392916866   
72 720 0.04421497194279253 6.546450713786345 7.103778226344509 7.1037782263445086e+00 7.309155984255608 7.565103041815711   
73 730 0.05022818601697977 6.502373441790225 7.099064512464233 7.0990645124642331e+00 7.342417045198872 7.489691943975385   
74 740 0.04622283046269784 6.986022755498705 7.099064512464233 7.1941406345091332e+00 7.487906825457904 7.749095117569866   
75 750 0.04359166156933138 6.719289553519914 7.089925511676382 7.0899255116763822e+00 7.263373204022667 7.641206518916858   
76 760 0.04576914859431369 6.481005421231134 7.066747693778275 7.0667476937782752e+00 7.217992985425786 7.457619014793812   
77 770 0.04677014361164841 5.945489878225967 6.9912760328154135 6.9912760328154135e+00 7.209426724955757 7.417434902632844   
78 780 0.046590640250449795 5.837617401166756 6.952694570172988 6.9526945701729881e+00 7.243689935609039 7.532660360647933   
79 790 0.04658405557227537 5.838034468179487 6.934753287555542 6.9347532875555418e+00 7.165930622859389 7.303320687500462   
80 800 0.04717375810565487 5.920847065846589 6.893178001237445 6.8931780012374446e+00 7.263857818457865 7.466252052253294   
81 810 0.042609013520643946 6.074240201159021 6.8792294870432436 6.8792294870432436e+00 7.108158502322169 7.321628227187573   
82 820 0.04118508846711743 5.962061917607574 6.857299623123205 6.8572996231232048e+00 6.941143384718897 7.083734355800935   
83 830 0.04186727037377985 6.155553894344262 6.857299623123205 6.8668114066111681e+00 6.980260596413004 7.735678509576337   
84 840 0.04518748560446199 6.050569524762664 6.780838184721996 6.7808381847219961e+00 6.967197772153538 7.6919553940860474   
85 850 0.04555736605572286 5.745417705596115 6.780838184721996 6.7894349165773216e+00 6.969127486464069 8.078279904121743   
86 860 0.04342576624132759 5.458268966890092 6.780838184721996 6.8484015757235221e+00 6.99708124631682 7.522909587637266   
87 870 0.04144449643009057 5.465931238117039 6.727730151493899 6.7277301514938994e+00 6.945487874190475 7.182059113987192   
88 880 0.04642804195602451 5.403834360145786 6.61006133378884 6.6100613337888401e+00 6.866025909374866 7.0660090198372405   
89 890 0.05781971806209884 6.247432082854227 6.536824096710079 6.5368240967100792e+00 6.777159807684088 6.991823286555919   
90 900 0.06403465042229992 6.7716947617352545 6.417389099838225 6.4173890998382248e+00 6.856430722054643 7.323627487337007   
91 910 0.06926457242652247 6.724468555600668 6.417389099838225 6.6547566791216646e+00 6.862346558824333 7.154472426320497   
92 920 0.06548079405560496 6.750430187558037 6.417389099838225 6.5299947603108119e+00 7.025817098535425 7.639626461139844   
93 930 0.06916156910950562 6.599243593274919 6.405292457061572 6.4052924570615719e+00 6.803134636089376 7.636869485877871   
94 940 0.06571233850603546 6.850873567355529 6.405292457061572 6.4104541579878163e+00 6.709334487579522 7.507850541708717   
95 950 0.06584131303929844 6.66663568123517 6.295476764760893 6.2954767647608927e+00 6.783132685739735 8.042609089222498   
96 960 0.06879578025005506 6.422379603545099 6.23761271142448 6.2376127114244797e+00 6.682447672472477 7.244165595109698   
97 970 0.07213800446818854 6.362634117296645 6.172942465844525 6.1729424658445247e+00 6.442105999201406 7.070370177686465   
98 980 0.07130795213339437 6.605421166347965 6.172841936101172 6.1728419361011717e+00 6.749433553109935 7.48469565664514   
99 990 0.07283785125820706 6.7606829161182915 5.960627564067975 5.9606275640679751e+00 6.563378268344257 7.611745712661682   
100 1000 0.06683295658213029 6.122744730812121 5.960627564067975 6.0862845896011546e+00 6.529521147382491 7.342174898029517   
101 1010 0.06311937060023808 5.833220058521273 5.960627564067975 5.9885543168539721e+00 6.406682688786636 8.116283024608236   
102 1020 0.06239723696768284 5.712431014970132 5.897326263485191 5.8973262634851906e+00 6.415396373355342 7.347323727916637   
103 1030 0.05875776260730884 5.766347127395977 5.897326263485191 5.9288543380020755e+00 6.3933960774482665 6.988006194525269   
104 1040 0.05787490183175887 5.564213517640257 5.883912380738278 5.8839123807382778e+00 6.3074952479361714 6.840085707520531   
105 1050 0.05071482093936346 5.55530151773946 5.883912380738278 5.9831601788405919e+00 6.206621373477007 6.748676932063091   
106 1060 0.047412367699916386 5.61073088873471 5.83101427651736 5.8310142765173598e+00 6.156580491650831 6.235302205248354   
107 1070 0.04573001054102875 5.330034414221185 5.83101427651736 5.9459343504462847e+00 6.030075089339361 6.508366515273452   
108 1080 0.045109160370792746 5.297976272940529 5.83101427651736 5.9032837273447782e+00 6.040335888581373 6.266166452283539   
109 1090 0.04075988061906583 5.065320865711147 5.83101427651736 5.8781376130531902e+00 6.082807714018127 6.723089053171598   
110 1100 0.04037138503356139 5.297819600082446 5.789636404119817 5.7896364041198174e+00 5.935665465868308 6.022900307584008   
111 1110 0.038887025086008276 5.92778446783068 5.7457639115329435 5.7457639115329435e+00 5.920079487107991 6.53576330651783   
112 1120 0.04091164958932409 5.997940886600285 5.698463580146968 5.6984635801469681e+00 5.891106584318188 6.044933895680735   
113 1130 0.04386910744034985 6.300990689839403 5.653226466264207 5.6532264662642069e+00 5.693850306989315 6.177911525467007   
114 1140 0.04867948539195243 6.070792656261051 5.653226466264207 5.6581799433157896e+00 5.716048713085348 5.947496938111172   
115 1150 0.05750433885687219 6.490179952158296 5.555961328395947 5.5559613283959468e+00 5.6869897153468445 6.1611471855805   
116 1160 0.06282334151115504 6.688019685178274 5.539246753593877 5.5392467535938774e+00 5.830018749835906 6.0995932321584565   
117 1170 0.06295198623056343 6.61870815917725 5.539246753593877 5.5539897233618403e+00 5.780219363855516 6.167114126353299   
118 1180 0.06167396760456172 6.24033438741344 5.464028160475307 5.4640281604753067e+00 5.683343221775665 6.252088030692844   
119 1190 0.07049086227095784 6.063574360097327 5.3879037351927 5.3879037351927002e+00 5.656708780851533 5.882176340647817   
120 1200 0.07118236952636237 6.2643569143340585 5.3879037351927 5.4390692667775538e+00 5.717319289656784 5.9970435015057415   
121 1210 0.0688524824325323 6.383473144349391 5.3879037351927 5.4387381840722844e+00 5.614485565849867 6.26002550555541   
122 1220 0.064233155905087 6.518080780717773 5.3879037351927 5.4543253194477561e+00 5.634086295509942 6.257914209974942   
123 1230 0.05296392174007194 6.627638104066418 5.3879037351927 5.4383671067219783e+00 5.613609389235368 6.116509541166129   
124 1240 0.04992269703984983 6.618055847943288 5.267793359992471 5.2677933599924707e+00 5.474147546889797 5.675695421918758   
125 1250 0.04999137083772241 6.322862955271571 5.227783611553123 5.2277836115531233e+00 5.407887792910421 5.612352708571979   
126 1260 0.04740698389990911 6.285779451923653 5.227783611553123 5.2423940188323481e+00 5.337033819451543 5.476663215226892   
127 1270 0.052650474194705414 6.070811621024236 5.184420221626846 5.1844202216268460e+00 5.318366330395709 5.38742727211075   
128 1280 0.05828604950667612 5.9090006991581 5.1003449121801 5.1003449121801001e+00 5.2687065046301855 5.4668237883349855   
129 1290 0.06632835650560548 5.601488233136302 5.054053283133517 5.0540532831335172e+00 5.23355889567522 5.483199945797412   
130 1300 0.07119806561437696 5.298135762180511 5.046499919215285 5.0464999192152851e+00 5.175466250719291 5.486343389433294   
131 1310 0.07422782325599023 5.292698916203531 5.046499919215285 5.0936073316839154e+00 5.346094290775287 5.730837158078013   
132 1320 0.07159472319006599 5.326763479821785 4.979641764071389 4.9796417640713893e+00 5.274841808392324 5.766537832072922   
133 1330 0.07210618712570097 5.74310196322741 4.925939324684922 4.9259393246849221e+00 5.091869891988299 5.22522075140315   
134 1340 0.08174757704821504 5.6924339423339685 4.925939324684922 4.9391384453136027e+00 5.0722159582501885 5.298734914576314   
135 1350 0.07515274642408624 5.534785064833571 4.914133228645669 4.9141332286456691e+00 5.210969554471958 5.634055140996848   
136 1360 0.0678204525143485 5.4375065197360275 4.85072407556479 4.8507240755647896e+00 5.043649947550129 5.371082615717265   
137 1370 0.06542589928210742 5.4834536758598595 4.789340301116637 4.7893403011166367e+00 4.954145280232489 5.2940261688453925   
138 1380 0.062456625164786 5.462487357659843 4.764828994752613 4.7648289947526132e+00 4.909947852066641 5.014612975598984   
139 1390 0.06615699523279675 5.517503627808626 4.629363622313235 4.6293636223132353e+00 4.964053270579454 5.16161502429366   
140 1400 0.07828240431884632 5.796941845054976 4.629363622313235 4.6763080998967128e+00 4.954047152003685 5.248759351642509   
141 1410 0.08215253105659627 5.59509088666076 4.55859976053026 4.5585997605302602e+00 4.974781338073809 5.163359978066904   
142 1420 0.09551885624380393 5.859567589752392 4.429676666531854 4.4296766665318543e+00 4.81018441613036 4.958239629429762   
143 1430 0.10897948903140267 6.538834357379281 4.415678860213581 4.4156788602135810e+00 4.768374573777202 5.199004649794861   
144 1440 0.12268441860298138 6.555901311318178 4.234471333792803 4.2344713337928033e+00 4.749540431359833 7.770342288557393   
145 1450 0.12358374808588685 7.099947624769713 4.234471333792803 4.3226000304740007e+00 4.574512552305959 5.4718720079528245   
146 1460 0.11435305042575657 6.770698830693646 4.234471333792803 4.5109155615233298e+00 4.874850523318608 5.7353059397411394   
147 1470 0.10586468001040164 7.163932762103964 4.177402095973346 4.1774020959733464e+00 4.738421040423497 5.230574051842801   
148 1480 0.10832793915379436 7.118803355191484 4.177402095973346 4.2495107197485291e+00 4.77709538641809 5.330854778905039   
149 1490 0.11373303581161574 6.842232762543871 4.177402095973346 4.2463040207169449e+00 4.393376788254159 5.545088668818237   
150 1500 0.10446207738201553 6.732739662948636 4.13123208568979 4.1312320856897902e+00 4.71123427189541 5.8308834758962504   
151 1510 0.10833808776924927 6.960194122489901 4.042437831865573 4.0424378318655734e+00 4.520529213748038 5.404610687953706   
152 1520 0.10205693303815822 6.7557344602315315 4.042437831865573 4.1917999895660243e+00 4.371153675668209 5.610461355775078   
153 1530 0.09144972685975047 6.819514612396117 3.935376622820557 3.9353766228205571e+00 4.485821355046012 5.201687509359265   
154 1540 0.08074283329385643 6.678466380418554 3.935376622820557 4.1266987219722084e+00 4.361595129508753 4.73018429077983   
155 1550 0.08408827302742142 6.208495694662761 3.935376622820557 4.0312732271786134e+00 4.312475992471761 4.647629049345795   
156 1560 0.08484489836960063 6.0861074144761815 3.935376622820557 3.9880185052548822e+00 4.196738705294217 4.600555057117709   
157 1570 0.08265711996733173 6.137310780693975 3.935376622820557 3.9687911256354456e+00 4.114985198656314 4.316788368899164   
158 1580 0.09724589104134153 5.951546519759252 3.935376622820557 4.0009512095305002e+00 4.170990846417071 4.394336517504339   
159 1590 0.09276611170987313 6.013385382800919 3.8691594883566314 3.8691594883566314e+00 4.312284756641329 4.435405297245714   
160 1600 0.08640042833542955 6.024388394985182 3.8691594883566314 3.9019211534202682e+00 4.166460369745771 4.437969541199587   
161 1610 0.07953538327094714 6.139097923971707 3.783834724847277 3.7838347248472770e+00 4.1937629110731605 4.481692819344357   
162 1620 0.0856144649452285 5.914414036751295 3.77444425022 3.7744442502200002e+00 3.978402122452633 4.1529612980998785   
163 1630 0.08309328139889992 6.171113618121361 3.77444425022 3.7922252678862720e+00 3.9596765578022315 4.1549204221290275   
164 1640 0.08580434772580071 6.4672211372330475 3.7504904012660445 3.7504904012660445e+00 3.9481042951750656 4.202759255581078   
165 1650 0.08596793670038563 6.397803785633178 3.7467482945593265 3.7467482945593265e+00 3.931503174791211 4.09002125048465   
166 1660 0.07788689345545852 6.3474581155768215 3.6707378090374547 3.6707378090374547e+00 3.841829220966697 4.240435091070819   
167 1670 0.08659810603557311 6.477123705531538 3.6707378090374547 3.6815840730870235e+00 3.8192017797166304 3.9862018961539416   
168 1680 0.09067951746417029 6.6808282770314085 3.5627910714497046 3.5627910714497046e+00 3.796520667808616 3.9470232788767596   
169 1690 0.09835311439324103 6.959995941340142 3.5155521330389674 3.5155521330389674e+00 3.707490776093637 3.9718031990072067   
170 1700 0.1069891544242203 7.210575807208833 3.462301889789164 3.4623018897891642e+00 3.7520552105105844 4.903540529028238   
171 1710 0.11568065723910435 7.256089091363559 3.431275813201545 3.4312758132015451e+00 3.7350898885916943 3.9666568209253366   
172 1720 0.11304532891173516 7.377744762903355 3.4059772263979244 3.4059772263979244e+00 3.7936974784232755 4.0488962645227815   
173 1730 0.12071285846644567 7.354972645439099 3.4059772263979244 3.4350784584065073e+00 3.6670502169383914 3.9218693428203153   
174 1740 0.11964228597237021 7.207826241190481 3.30886060981336 3.3088606098133599e+00 3.797947724440631 4.169890438785609   
175 1750 0.11782143473333115 7.470133275360047 3.30886060981336 3.3691960328009563e+00 3.7030029826048967 4.071503249512462   
176 1760 0.11846756273814837 7.295812468387841 3.071626331468632 3.0716263314686318e+00 3.463975329225696 3.827883546621961   
177 1770 0.11412392908104681 7.437975316975008 3.071626331468632 3.2143399993974437e+00 3.490359217838612 4.0804209751782965   
178 1780 0.1103814079997839 7.252708285920757 3.071626331468632 3.2582637851828999e+00 3.4673112509725033 3.649469749059354   
179 1790 0.10643863302394965 7.142653527710735 3.067483198924145 3.0674831989241449e+00 3.3444256337820057 3.7542134092889023   
180 1800 0.10231279101928663 7.2130249869344025 3.033204975510829 3.0332049755108290e+00 3.527878963441214 3.749086394444159   
181 1810 0.10448647834308854 7.561184032801038 3.033204975510829 3.1122619562393155e+00 3.2240773133381184 3.6957412555765004   
182 1820 0.10838059207410711 8.062820180897962 2.9681044263115743 2.9681044263115743e+00 3.3238798832648397 3.514164375849825   
183 1830 0.11368256680251372 7.976557870889554 2.8972888492465674 2.8972888492465674e+00 3.071794920788442 3.6192972196800777   
184 1840 0.11780299513754196 8.73459425607358 2.839067310064318 2.8390673100643178e+00 3.1966506670343366 3.3269371826745213   
185 1850 0.12524050319146793 8.95582099113176 2.7524421832018784 2.7524421832018784e+00 2.988182736226826 3.56534558384699   
186 1860 0.12375533451159317 9.261503612476087 2.683879267517713 2.6838792675177130e+00 2.9775566337979154 3.242675371544607   
187 1870 0.1269638334100068 9.565719034582672 2.683879267517713 2.7342939583373380e+00 2.903158679502061 3.067124775929296   
188 1880 0.13399989950666463 9.728514074200545 2.683879267517713 2.7171416093961338e+00 2.968953757062642 3.315248591913022   
189 1890 0.14638784544852887 9.482326730097217 2.6313969602111107 2.6313969602111107e+00 2.8717530272723004 3.4485142085742844   
190 1900 0.1442440076697337 10.286699072505899 2.6313969602111107 2.7938478425315463e+00 3.1295216558694454 3.580598174252035   
191 1910 0.14202615083377254 9.792367051234848 2.6313969602111107 2.6822032425415681e+00 3.0549792703513505 3.55972768811249   
192 1920 0.12177180723261061 9.834784893704454 2.5948127796582723 2.5948127796582723e+00 2.9192136954548666 3.689952399469597   
193 1930 0.11089726852226732 9.281959669218416 2.433520168306223 2.4335201683062229e+00 2.7504147786598567 4.081114578701649   
194 1940 0.10716196172982184 9.559759802189228 2.389377889746647 2.3893778897466471e+00 2.641278243290924 2.8582195733321436   
195 1950 0.1043016449802428 9.758372389447295 2.389377889746647 2.4246187936158599e+00 2.606273125482242 2.940820185562578   
196 1960 0.09729297773658777 9.857378001113556 2.3425139425203314 2.3425139425203314e+00 2.579444933363015 3.259637912280483   
197 1970 0.09175002671586747 10.00236922236677 2.315948345045418 2.3159483450454181e+00 2.459726481968736 2.7540703722535977   
198 1980 0.0891462576168608 9.826576302514587 2.2485435362432704 2.2485435362432704e+00 2.3936762647738945 2.750102719623076   
199 1990 0.09139118146929973 10.56818884168765 2.1111886088669887 2.1111886088669887e+00 2.3837503072330657 2.6514824853568846   
200 2000 0.10008868138249274 10.595247983570674 2.1111886088669887 2.1646999553349091e+00 2.299918785140575 2.898107694663346   
201 2010 0.1033599059883038 10.60690394274052 2.0274845112266573 2.0274845112266573e+00 2.2271180780731736 2.686801303737072   
202 2020 0.12004530504754095 10.675869817143058 2.0274845112266573 2.0404404149499777e+00 2.273730195551896 2.5002297915696885   
203 2030 0.12745253463251469 11.933836607987121 2.004325574634364 2.0043255746343638e+00 2.3549332530452345 2.8677169397818334   
204 2040 0.14580652993741408 12.046153831097778 2.004325574634364 2.0328933110419443e+00 2.308176640320022 2.9081558270236694   
205 2050 0.14239798807405724 12.888762651597263 1.9257280451352152 1.9257280451352152e+00 2.3765643468415307 3.0893105001434615   
206 2060 0.14394579901147891 13.547264491621021 1.8313890311902825 1.8313890311902825e+00 2.0661065893236588 2.338118795196481   
207 2070 0.13786166227185168 13.022122156107939 1.8313890311902825 1.8609182595853890e+00 2.0541171719224556 2.872148082235566   
208 2080 0.13904059496293353 13.151383968681959 1.8313890311902825 1.9084535329837471e+00 2.148214699631543 2.5224401647265466   
209 2090 0.13767369457450923 13.150146252725763 1.8313890311902825 1.9651313810980058e+00 2.2492604754958343 4.138283327974856   
210 2100 0.12401808882961764 12.761920164608869 1.7572506882929708 1.7572506882929708e+00 2.0646725595244364 3.4556707320871545   
211 2110 0.1193107685211629 13.27113095180198 1.6387281786460823 1.6387281786460823e+00 1.9366533603511633 2.411731464994552   
212 2120 0.11190395450164048 12.713607332316435 1.6387281786460823 1.7212608205969935e+00 1.8827455857027948 2.175891334530686   
213 2130 0.1090126867568913 12.794887839793988 1.568335729606428 1.5683357296064280e+00 1.825412230559822 2.116110388489515   
214 2140 0.09644471349358186 12.787435863982628 1.568335729606428 1.6516226958747426e+00 1.808873237635149 2.0500752913483797   
215 2150 0.08321904664243349 12.52855979585941 1.568335729606428 1.6043122328562383e+00 1.7781782196528302 1.936529082592178   
216 2160 0.07762884727318652 12.464370242100783 1.568335729606428 1.5782916258813064e+00 1.7078692985215023 1.8496480193284919   
217 2170 0.07275156192829037 12.122697709205683 1.545094737189873 1.5450947371898729e+00 1.6034357778137776 1.777199121654316   
218 2180 0.07317216311105196 12.280778956259072 1.4940613250837078 1.4940613250837078e+00 1.6522263098880487 1.7651443847395218   
219 2190 0.08065220127011884 12.1481308914355 1.4733491688769296 1.4733491688769296e+00 1.5887826809508152 1.635667125778176   
220 2200 0.09076794383700237 12.082924913079575 1.470069209263241 1.4700692092632410e+00 1.5568447948884616 1.8751935681056264   
221 2210 0.10447759884549086 12.511711550040017 1.4365570911117558 1.4365570911117558e+00 1.4914915971818408 1.6907850634296142   
222 2220 0.11023092071576142 12.386733939264039 1.4239343805122426 1.4239343805122426e+00 1.5179344384186444 1.9323981296833366   
223 2230 0.11980833750718695 13.329006196551887 1.3417590765650766 1.3417590765650766e+00 1.5790763428707577 1.715790803747378   
224 2240 0.12807764827145038 12.546333141117648 1.3111366302568817 1.3111366302568817e+00 1.518731610032047 1.7335219211762714   
225 2250 0.11890730241157291 12.57415582004968 1.2872835366066773 1.2872835366066773e+00 1.6121395051513812 1.978063712980179   
226 2260 0.12329173758938756 12.34972479044685 1.2424310303832553 1.2424310303832553e+00 1.3909760466588068 1.8570640373851282   
227 2270 0.1272163468816567 13.732617265949454 1.1237696095754446 1.1237696095754446e+00 1.4512721898358172 1.7072853422303764   
228 2280 0.14921647333747534 14.024129456475181 1.1021852901452678 1.1021852901452678e+00 1.3160531548682135 2.2158740206691263   
229 2290 0.16247755552964666 14.731539154492665 1.1021852901452678 1.1078323114836732e+00 1.362338572969313 1.8811198806180838   
230 2300 0.18212688521456602 13.960199823761943 1.0113375447723991 1.0113375447723991e+00 1.3125339874501574 1.6714835405601267   
231 2310 0.21497382964029296 13.530671924336646 0.9650573471178001 9.6505734711780011e-01 1.46941638475038 2.120845838590319   
232 2320 0.24426601964549804 13.493168196871476 0.9650573471178001 1.0567736778618642e+00 1.6306411784674477 7.484603000361842   
233 2330 0.24686272757509722 13.321334914090066 0.9650573471178001 1.1700950454161689e+00 1.7968332026043645 2.613923144387245   
234 2340 0.23628506463994534 13.747078201855851 0.9650573471178001 1.0256638632264183e+00 1.8758089291306703 3.53098317066111   
235 2350 0.2163476652567535 14.057169057771924 0.9650573471178001 1.0776934157184561e+00 1.583137644401896 2.086136754175405   
236 2360 0.19008507975035208 14.004659453229136 0.9650573471178001 9.8535484258777650e-01 1.4600344860792478 2.1478358586003274   
237 2370 0.17991905876435027 13.437238597529792 0.8947111101135525 8.9471111011355253e-01 1.1254553004184134 1.2288150437117478   
238 2380 0.16650071212078812 13.739115654159736 0.8432441711016367 8.4324417110163674e-01 1.0299639515585302 1.5922768752578964   
239 2390 0.15232226476669225 12.929984985696994 0.7379526169820798 7.3795261698207981e-01 1.0930154827472987 1.6750259063245345   
240 2400 0.1522038450279028 12.83783480159162 0.6824839160538143 6.8248391605381431e-01 0.9137737358376505 1.3547554952955205   
241 2410 0.14478378988091048 13.03979000931182 0.6824839160538143 7.2749732708181170e-01 1.0127154408555796 1.1090520853959238   
242 2420 0.1362218500406992 12.896430233589864 0.6493654512016835 6.4936545120168354e-01 0.9023127794335413 1.1219904733870383   
243 2430 0.12383781977645977 13.532561507975277 0.6493654512016835 6.8968975914229225e-01 0.8135231571270918 1.0789412700603163   
244 2440 0.12064501361000453 13.485167484169216 0.6493654512016835 6.5167754251135868e-01 0.8362812289542496 1.055905558046675   
245 2450 0.10284017952256232 13.471299353413416 0.6269998849853107 6.2699988498531067e-01 0.7761511395518195 1.1132697314216204   
246 2460 0.10643021263275401 13.508024972216104 0.6269998849853107 6.2714421322708347e-01 0.7143926291036284 0.7466834945668922   
247 2470 0.10118558332742839 12.866468067989526 0.6269998849853107 6.4120704322685362e-01 0.6890800165710838 0.8229467481250268   
248 2480 0.08696793353142063 12.791768630008388 0.6239105074488128 6.2391050744881282e-01 0.6952115333663195 0.9068340543451909   
249 2490 0.08315945816464028 12.745151037336369 0.6089097604052298 6.0890976040522982e-01 0.656971423111187 0.7286128869082176   
250 2500 0.07679160195063892 13.233450114941368 0.586172061992331 5.8617206199233096e-01 0.6490519868188935 0.6905583140601419   
251 2510 0.07391160649900079 13.389257288634509 0.586172061992331 6.0804171926221484e-01 0.6287977168156964 0.7145838852898574   
252 2520 0.0738209520086583 12.878531955471727 0.5563256923789569 5.5632569237895690e-01 0.6325027871783242 0.6555161484182583   
253 2530 0.08114308531740914 13.015803464809615 0.5392475889484619 5.3924758894846192e-01 0.6033097264492499 0.6364616428067247   
254 2540 0.08110834900624905 13.345125399349175 0.5392475889484619 5.6631597105156484e-01 0.596006159846413 0.6524678173598559   
255 2550 0.08610400252356148 13.571562154649133 0.5091011595464041 5.0910115954640411e-01 0.5684224019119355 0.714283933902153   
256 2560 0.09493659203267112 13.101932624974756 0.4870601463508313 4.8706014635083128e-01 0.5594356673473546 0.6187806592345919   
257 2570 0.10300171556948921 13.440912337432588 0.4685263106441657 4.6852631064416572e-01 0.5388005330893919 0.6049891138129522   
258 2580 0.1044086746180949 14.132309752112022 0.46138869955494 4.6138869955494000e-01 0.5411518030648708 0.6445608231264975   
259 2590 0.10485977784941117 14.114135216734564 0.46138869955494 4.7974903683027359e-01 0.5463936859406815 0.6909390422160098   
260 2600 0.09682802279845693 14.3063025684527 0.4499536839767129 4.4995368397671293e-01 0.5027143537636132 0.5938088357999032   
261 2610 0.09037231112573527 14.81244804299104 0.44578575794505915 4.4578575794505915e-01 0.5080921159893549 0.593859524406352   
262 2620 0.09084891760774863 14.092871370515534 0.44578575794505915 4.5059768125367161e-01 0.5223373848701891 0.6234344486962132   
263 2630 0.09569269121800869 14.88445044303642 0.44126325854881554 4.4126325854881554e-01 0.4747930160684204 0.5190253339524025   
264 2640 0.09165487245247479 15.470021759891377 0.4133308410278162 4.1333084102781620e-01 0.4478917782017995 0.6028149412224246   
265 2650 0.094559888743508 15.543583680883453 0.40066088247523 4.0066088247523002e-01 0.4296364110009572 0.49531796822817287   
266 2660 0.0930232293424623 14.808510610416347 0.3793475892743293 3.7934758927432932e-01 0.4401806934049799 0.4691484187367855   
267 2670 0.09293137935572361 16.139337832493425 0.3463948446538622 3.4639484465386222e-01 0.40971853868657543 0.5062467805444116   
268 2680 0.10265798488128063 17.702119487118257 0.3409822999760911 3.4098229997609109e-01 0.38567909950506646 0.5107306680615501   
269 2690 0.10012196114602684 18.230426346368947 0.3409822999760911 3.4735466583583097e-01 0.4018031627161176 0.46118075470286457   
270 2700 0.09172213882470222 18.71380953652818 0.3409822999760911 3.4437458066872340e-01 0.43703285839593775 0.5498644239750865   
271 2710 0.09586189835937671 17.881323636594217 0.3318304070547099 3.3183040705470990e-01 0.38438827469586745 0.49571639145981744   
272 2720 0.1002626856184373 17.921611017224254 0.3179341045071578 3.1793410450715781e-01 0.3466757435494766 0.416034933054171   
273 2730 0.09848713538601483 16.988961138222813 0.3015685457325691 3.0156854573256908e-01 0.36707518980438336 0.4132100067275172   
274 2740 0.09908907658951462 17.229732157696404 0.2961439507324244 2.9614395073242439e-01 0.35588447866501116 0.4562563858968299   
275 2750 0.09480000378783711 17.597459966042255 0.27407628620386454 2.7407628620386454e-01 0.3351130925352319 0.4104733612705409   
276 2760 0.08663150518046991 17.21007101635287 0.26452685428763556 2.6452685428763556e-01 0.322755979450938 0.36665876606066067   
277 2770 0.09534589336773215 17.233834698248465 0.22118780782616498 2.2118780782616498e-01 0.3098613810410771 0.33424918767953254   
278 2780 0.10458544748712711 19.3679210533441 0.22118780782616498 2.4153480514437731e-01 0.2537977015425986 0.29511429813108514   
279 2790 0.111393882594698 20.884246989167185 0.22118780782616498 2.3415655171986105e-01 0.28795194906440713 0.3088427578330907   
280 2800 0.11417240715105363 23.03795126217099 0.22118780782616498 2.5605292633676213e-01 0.2999880178029357 0.4887607698384195   
281 2810 0.10615450024186937 21.033459110678265 0.21321616564630036 2.1321616564630036e-01 0.2990670770349636 0.43402889617206203   
282 2820 0.1011487159147298 21.458389589306652 0.20202230869477358 2.0202230869477358e-01 0.2534139034157116 0.30799287164737654   
283 2830 0.09913392994784366 21.621606268302223 0.19916775265047004 1.9916775265047004e-01 0.26913960748976334 0.327588727960266   
284 2840 0.09866272942266087 21.399845883852098 0.17805226553766237 1.7805226553766237e-01 0.24002657316988305 0.38390822343092684   
285 2850 0.09534143284080618 22.534318273217142 0.1543921767687744 1.5439217676877440e-01 0.24447299120662663 0.27339543652767084   
286 2860 0.09340882335909376 21.72420931077095 0.1543921767687744 1.6430118563035229e-01 0.19303017293275068 0.29816589711497166   
287 2870 0.09474736729456164 23.065033455475593 0.1501353895306643 1.5013538953066430e-01 0.18548157608675586 0.2434130707876062   
288 2880 0.09385523106212092 23.259199051293397 0.14214132477903602 1.4214132477903602e-01 0.20238226642951598 0.28593764262059745   
289 2890 0.09224297187154312 23.586868449986103 0.14214132477903602 1.5088136907257305e-01 0.18442766387371334 0.30231949611410636   
290 2900 0.09079732634787528 24.111225355612238 0.13732932401121498 1.3732932401121498e-01 0.1735117937214011 0.20748724886263836   
291 2910 0.08868733681906714 25.265537191443546 0.1252643509985963 1.2526435099859631e-01 0.16469137234394565 0.2000871795361931   
292 2920 0.08207713693169938 24.00854260825462 0.1252643509985963 1.3010668570350187e-01 0.15826547185511788 0.22971544944749125   
293 2930 0.07223498741158363 24.09611224586324 0.1252643509985963 1.3210576088126585e-01 0.15736758372002677 0.21046852132826147   
294 2940 0.07088915090114987 23.555591816009382 0.11437463724423724 1.1437463724423724e-01 0.13518156398962633 0.16523647890147763   
295 2950 0.07364496038799238 22.91474734332189 0.11308502973080106 1.1308502973080106e-01 0.1338293844738741 0.1508120861887634   
296 2960 0.0725025859601557 23.71324115493477 0.10392902533251624 1.0392902533251624e-01 0.1314523629074001 0.14114358266008226   
297 2970 0.06685342733577267 22.88360739342892 0.10392902533251624 1.0567213655343036e-01 0.11797375537718062 0.15056220484642835   
298 2980 0.07079955212830448 23.557738568773715 0.09721118377335292 9.7211183773352916e-02 0.11471292190554472 0.16200396388654179   
299 2990 0.06536556594786969 25.310753987551116 0.09501042921354359 9.5010429213543593e-02 0.10633420742489424 0.11953191833827827   
300 3000 0.06816091447572149 25.392637637669864 0.0831089517769916 8.3108951776991596e-02 0.09624452693362487 0.11686309998101951   
301 3010 0.06599080957611023 24.61477220678065 0.0813678761258652 8.1367876125865199e-02 0.09239333968067856 0.1151296320098793   
302 3020 0.07153794985763673 26.14733621956703 0.07127428781724579 7.1274287817245791e-02 0.09069868864033857 0.11024559199085042   
303 3030 0.07416346171378821 27.46940136938916 0.06352812540865364 6.3528125408653643e-02 0.0871779165829194 0.13444752773447569   
304 3040 0.08705464475689002 26.63629451616928 0.0536773655278772 5.3677365527877198e-02 0.08491429682913662 0.09967188918467407   
305 3050 0.10549564048312866 32.1651596028734 0.047419168528151596 4.7419168528151596e-02 0.06865888523469563 0.09419418820644446   
306 3060 0.11948872452714396 30.779120156003316 0.047419168528151596 4.9658125654709021e-02 0.07944806300697144 0.12720832079409516   
307 3070 0.12528306122622193 30.852568827315615 0.047419168528151596 5.0363030733212286e-02 0.09010790470272015 0.15500985358642333   
308 3080 0.11515790507161969 29.96830658292697 0.03838647326251919 3.8386473262519191e-02 0.08610716945296298 0.11639887990927844   
309 3090 0.12084597937943965 30.020219657029717 0.03458485721132795 3.4584857211327952e-02 0.0956491123797955 0.16350604848562594   
310 3100 0.1214101233775667 30.59554742236821 0.03458485721132795 3.9549068040124424e-02 0.05869514673749379 0.08456969273172778   
311 3110 0.11945035027159676 31.565134779924847 0.028652120954988855 2.8652120954988855e-02 0.06892287952550687 0.10915909732841206   
312 3120 0.12344587553866519 32.68470201581561 0.028652120954988855 2.9436058128383652e-02 0.058700661475790505 0.10451051504300612   
313 3130 0.11440295662701297 33.35183606972699 0.02226866056721473 2.2268660567214729e-02 0.07582174798515892 0.11248198556564273   
314 3140 0.10817036008836692 32.86904067400502 0.02226866056721473 3.5509776601034784e-02 0.0626642921880654 0.12257929947743633   
315 3150 0.1100689418855837 34.6335380563215 0.01818407233742335 1.8184072337423349e-02 0.04472201571814237 0.060173900335596026   
316 3160 0.10597970490918794 34.75594738957006 0.01818407233742335 2.5568281012717974e-02 0.047665726133175934 0.08862826770007176   
317 3170 0.09051398872616105 33.60560681419912 0.01818407233742335 1.8211304639109770e-02 0.04600375331789763 0.14478049513138508   
318 3180 0.07937179329516579 33.13670973105639 0.011034538750940407 1.1034538750940407e-02 0.03038393131774889 0.05150264117909657   
319 3190 0.07779867424199487 34.31711586624113 0.006917014065010001 6.9170140650100008e-03 0.026324953635918136 0.035259289208532524   
320 3200 0.07885894833855082 35.26993197120215 0.006917014065010001 1.8544231666830429e-02 0.02557369032708228 0.036969730953034075   
321 3210 0.08196411549049991 36.80031618418302 0.005984217197544942 5.9842171975449422e-03 0.02345550513469308 0.04798261941495481   
322 3220 0.08287425628501188 39.02941113669183 0.003973200753238325 3.9732007532383247e-03 0.021427841871409264 0.07410758793561145   
323 3230 0.078226982151688 38.90579201533239 0.003973200753238325 1.1799349993859872e-02 0.020616541701120178 0.02594484159880966   
324 3240 0.07560520318249472 39.339536522475896 0.0025377299429823258 2.5377299429823258e-03 0.012112610232134653 0.042430391348216946   
325 3250 0.07495674752678987 39.152455705377214 0.0025377299429823258 6.6889406483954892e-03 0.011621552676050098 0.0220193477168348   
326 3260 0.06803433102554203 37.97582922741099 0.0025377299429823258 1.2830848278213045e-02 0.01721866928557537 0.030692763368130458   
327 3270 0.0587698248815711 40.49236507640089 0.0025377299429823258 4.7353958958245915e-03 0.011213398605596732 0.016674238944991124   
328 3280 0.05723053739909043 41.71708887789664 0.002530593263632922 2.5305932636329222e-03 0.007953610639210684 0.013040019142075455   
329 3290 0.0545454671287279 43.07895385656452 0.002530593263632922 3.8312027822944607e-03 0.008325304274369706 0.01601219886143407   
330 3300 0.04718273442278479 42.76977012196726 0.002530593263632922 3.0224442683319001e-03 0.01165262254325433 0.023588110495989502   
331 3310 0.04533527442572198 42.05344054626201 0.002530593263632922 3.6742831522862179e-03 0.006476922565280167 0.011087687668405484   
332 3320 0.03975546397080088 42.53439926262337 0.0021656269193643784 2.1656269193643784e-03 0.004689681726383729 0.013406230878223426   
333 3330 0.037280552807419924 42.549758972532885 0.0017846163786819792 1.7846163786819792e-03 0.004227712168312692 0.00870720105483097   
334 3340 0.03516293938800984 45.0152069007831 0.0017846163786819792 2.5337730067874725e-03 0.0035937819827519986 0.004733169290143867   
335 3350 0.032415073771994 43.67442124146964 0.0011905282649360665 1.1905282649360665e-03 0.0038448029743070695 0.00496541360600598   
336 3360 0.03123125756520085 44.44705535335839 0.0009425065520645262 9.4250655206452622e-04 0.0024593945144480342 0.0044647198579660565   
337 3370 0.02843857969118499 46.376489594154094 0.0009425065520645262 1.2121025746572285e-03 0.0018911265934348966 0.004191580845081177   
338 3380 0.025375843000048436 46.71303369634956 0.0008857906140164634 8.8579061401646345e-04 0.0016635104806631185 0.0029705472705289027   
339 3390 0.022752330360292245 46.40981458414777 0.0006868719514970124 6.8687195149701240e-04 0.0012341392342508422 0.0019066381590850845   
340 3400 0.02289386597264811 45.14939950709928 0.0006868719514970124 7.9305642044879719e-04 0.0012564465010266655 0.002286289942430213   
341 3410 0.02073859048642004 40.61151982791448 0.0006563328659911024 6.5633286599110243e-04 0.0009633652998595255 0.0016827173881804529   
342 3420 0.01925357208471231 40.10167774331122 0.0005723557934542622 5.7235579345426223e-04 0.0010428087842757428 0.001422782837663289   
343 3430 0.018134250519668396 39.11994201579246 0.0005213906959993607 5.2139069599936073e-04 0.0007202328012932129 0.0012124563905594715   
344 3440 0.017957543886049414 39.49153536723151 0.00045317387956352284 4.5317387956352284e-04 0.0009298804339654974 0.0013190773962486707   
345 3450 0.017711478550646576 40.671875319088166 0.0003164653284815266 3.1646532848152658e-04 0.0006833647715665809 0.001029936862443796   
346 3460 0.01803846735339449 43.42798496654597 0.00023569855024905325 2.3569855024905325e-04 0.0005666815967024781 0.0015839080322829825   
347 3470 0.01754988306537889 43.945988379393505 0.00023569855024905325 3.2815967935248216e-04 0.0007930311595602724 0.000948783132340396   
348 3480 0.01695906393560151 44.363610563261304 0.00023569855024905325 2.7506057876740920e-04 0.0005283260889111965 0.0006759113398180543   
349 3490 0.01580230156388264 43.5974029938517 0.00023569855024905325 2.7415243526148072e-04 0.00044565037083778736 0.001087913514641727   
350 3500 0.013820630717718949 40.14628953756396 0.00023569855024905325 2.3928023622739984e-04 0.00036090722939659844 0.0009063033733681406   
351 3510 0.011940714173399408 39.90726862037115 0.00017456551866017086 1.7456551866017086e-04 0.00036239352982282735 0.0005671064927643763   
352 3520 0.011694223065581273 40.54840347385664 0.00016607968919887914 1.6607968919887914e-04 0.0002969732075479111 0.0005406843115971158   
353 3530 0.01174837855726232 40.94939887042363 0.00016607968919887914 1.7034658358416668e-04 0.00033615217647988847 0.0004226481641920997   
354 3540 0.012196822913693428 41.56080538078466 0.00016607968919887914 1.7564191111997689e-04 0.0002167005877474566 0.00039425646032703186   
355 3550 0.011192295753439899 43.426445048769544 0.00016607968919887914 1.7013570579645781e-04 0.0002192169502475937 0.00040986323861340877   
356 3560 0.010222562208161267 46.75900388856487 0.00012522466640097366 1.2522466640097366e-04 0.00023837515831506698 0.00026829331663964366   
357 3570 0.009443826126240057 46.568445541897646 0.00010708085940729716 1.0708085940729716e-04 0.00017045332134164604 0.0002318147325343381   
358 3580 0.008779327954646364 44.808842665628326 9.081970843055612e-05 9.0819708430556119e-05 0.00015651110275353817 0.0002412400902792472   
359 3590 0.007731037629396129 48.68652193654763 9.081970843055612e-05 1.1278532599806419e-04 0.0001415737255680615 0.00020590623587697052   
360 3600 0.008277866121944316 50.00928968943612 7.999679929700646e-05 7.9996799297006455e-05 0.00010447889192813335 0.00018809473016291869   
361 3610 0.008741221980903682 53.60631611383822 6.158602276774757e-05 6.1586022767747570e-05 9.48844589136378e-05 0.0001494739076143844   
362 3620 0.009384018701924518 51.92883597947069 5.247353927683647e-05 5.2473539276836468e-05 7.171180738910717e-05 0.0001439848394161883   
363 3630 0.009385157221900482 50.83581480541053 4.1649643023645426e-05 4.1649643023645426e-05 0.00011161347652326428 0.00019757287699346784   
364 3640 0.01027767120668323 52.52749456558949 3.5243801239170106e-05 3.5243801239170106e-05 8.12433225943355e-05 0.00017914473619448298   
365 3650 0.010679415271717797 55.06578311676031 3.5243801239170106e-05 3.6232240584628230e-05 0.00011098638287146887 0.00015987451816242308   
366 3660 0.010657854371485621 57.90546140676614 3.5243801239170106e-05 5.7559157998487770e-05 9.53894361793134e-05 0.00013310116445481072   
367 3670 0.010104557734495612 64.93777535948472 3.386556381247314e-05 3.3865563812473138e-05 0.00012248755701818695 0.0002011586250591765   
368 3680 0.00935242580014598 63.63380189034291 2.7743702652227142e-05 2.7743702652227142e-05 6.31989465274344e-05 0.00017100909070190585   
369 3690 0.008083900399640966 66.48189613656554 2.7743702652227142e-05 3.4666074064032410e-05 5.083356355303466e-05 0.00010476385055995943   
370 3700 0.007234516506314739 64.78785615606652 1.555419254125573e-05 1.5554192541255729e-05 5.198296757712996e-05 7.514786168357754e-05   
371 3710 0.006925577782436194 68.50708429304608 1.555419254125573e-05 1.8580917300837619e-05 3.733857065221368e-05 7.262773662606701e-05   
372 3720 0.0063401373448728785 69.59895355203855 1.3276034552443771e-05 1.3276034552443771e-05 3.243494756234059e-05 0.00010391118720836954   
373 3730 0.005717291519273433 71.57664125973574 1.29172672388251e-05 1.2917267238825101e-05 2.898609180627591e-05 4.485552935363385e-05   
374 3740 0.005047948686872534 75.72584893868118 1.0041418045512337e-05 1.0041418045512337e-05 1.873229868006608e-05 3.291066790810975e-05   
375 3750 0.0048417103558961476 77.55630013297503 4.776585208456106e-06 4.7765852084561059e-06 1.5909363336174633e-05 3.749011344838427e-05   
376 3760 0.004807068835562438 79.33473524062599 4.776585208456106e-06 5.2515983489410877e-06 1.6491513833155005e-05 2.9085957069321883e-05   
377 3770 0.004231167557872865 81.20112356199125 4.776585208456106e-06 6.7116823047130330e-06 8.932768640910337e-06 2.4675911936852303e-05   
378 3780 0.0039763121252441025 80.44465179509837 4.776585208456106e-06 7.5513402961195482e-06 1.3540799281629156e-05 1.976068490248949e-05   
379 3790 0.003661481870234494 81.02977990460214 4.654209889907675e-06 4.6542098899076746e-06 1.293221191533807e-05 1.8845756581225536e-05   
380 3800 0.0033463857003759663 83.37117889655218 4.654209889907675e-06 4.7575737909564755e-06 1.0311977029827795e-05 1.4851305076597498e-05   
381 3810 0.002995338815401173 83.3707216431997 3.400393480223216e-06 3.4003934802232162e-06 8.313096964314589e-06 2.1003021734974506e-05   
382 3820 0.002836265018034401 83.98367952713294 3.0991896259191746e-06 3.0991896259191746e-06 7.126451521896359e-06 1.3013697646033261e-05   
383 3830 0.002674201027788809 87.5212544558096 3.0991896259191746e-06 3.8234835810683102e-06 5.705979505672181e-06 9.27311649198995e-06   
384 3840 0.002550059237637068 80.46982571968509 1.9684493435880137e-06 1.9684493435880137e-06 3.390026105899289e-06 8.556386721748619e-06   
385 3850 0.002455659876411044 80.79408916121508 1.5209231218173898e-06 1.5209231218173898e-06 2.899508119367073e-06 8.56608724411974e-06   
386 3860 0.0020890299025380864 81.7047386869306 1.5209231218173898e-06 1.5618532094745339e-06 2.4868117667961637e-06 5.566922683607097e-06   
387 3870 0.00205941066374604 81.30206574739215 7.082804112851589e-07 7.0828041128515888e-07 2.2665585980534774e-06 2.8181510342108837e-06   
388 3880 0.001947519832789621 82.43416677144792 7.082804112851589e-07 7.6992834371284052e-07 3.0375664817801625e-06 4.396791540290496e-06   
389 3890 0.0016924861897985432 81.66265328688732 7.082804112851589e-07 9.6833181593666090e-07 1.495193311370477e-06 3.330960370895214e-06   
390 3900 0.0014326910435926237 79.99886572133468 2.5995442986184186e-07 2.5995442986184186e-07 1.5478519759546633e-06 2.7143360698746884e-06   
391 3910 0.0013078797310623488 78.44295066994651 2.5995442986184186e-07 4.3092484842805123e-07 1.0850839314114963e-06 2.106887050067091e-06   
392 3920 0.0012143006215185386 79.30337486908735 2.5995442986184186e-07 4.0608365270445857e-07 8.084598891517414e-07 1.7036106376830211e-06   
393 3930 0.0011548297723835452 79.67226791175386 2.5995442986184186e-07 3.2472455522018459e-07 6.208843857588854e-07 9.098144693056324e-07   
394 3940 0.001116599686192632 81.83647735038691 2.0008704249331758e-07 2.0008704249331758e-07 5.89574615037338e-07 9.527369841505084e-07   
395 3950 0.00098531822914948 80.98134796874612 1.4299927503775997e-07 1.4299927503775997e-07 4.7618359176607303e-07 8.700010465494132e-07   
396 3960 0.0008927966244714709 80.11115252406313 1.0314821205633512e-07 1.0314821205633512e-07 3.181271804365425e-07 9.08729074646588e-07   
397 3970 0.000844132101283272 81.76205211211825 1.0314821205633512e-07 1.1601662319427615e-07 3.080645238657636e-07 6.642997075533015e-07   
398 3980 0.0008162315932597172 83.13254608421525 9.94221258185173e-08 9.9422125818517297e-08 2.2274849030372268e-07 4.736833847338795e-07   
399 3990 0.0008009486353836113 84.60299507510582 7.20419572898369e-08 7.2041957289836894e-08 1.5933856287801177e-07 2.1289134016984523e-07   
400 4000 0.0007184773807038615 83.23763534714713 6.09517374002261e-08 6.0951737400226099e-08 1.5686716501452576e-07 5.121778159701728e-07   
401 4010 0.0006744157657333731 85.77135738322711 5.44065421782104e-08 5.4406542178210397e-08 1.33289535588479e-07 3.301824713375738e-07   
402 4020 0.0006209893424648123 82.88005163455703 5.44065421782104e-08 5.7215448053205293e-08 1.030674743695474e-07 1.9369880638788095e-07   
403 4030 0.0006088577680166459 83.82704795689509 5.44065421782104e-08 6.3346180729794781e-08 1.3569559886905887e-07 2.701441222547105e-07   
404 4040 0.0005416435258361203 80.91012987718537 3.378320935425321e-08 3.3783209354253209e-08 1.2969823102173766e-07 2.0458318481826883e-07   
405 4050 0.0004700311146604307 81.548471076998 3.378320935425321e-08 3.4581155183422493e-08 7.1611315669904e-08 1.6374483950505153e-07   
406 4060 0.0004195992129640772 85.31181642681656 2.268453003217932e-08 2.2684530032179321e-08 7.046917683124342e-08 9.77902713064446e-08   
407 4070 0.00041988211319091855 87.7517588526132 2.268453003217932e-08 2.9347716197117353e-08 4.622050840019015e-08 9.810690044037309e-08   
408 4080 0.0003837330796350973 91.98719925828192 2.268453003217932e-08 4.0855471899575545e-08 5.0127930563517356e-08 1.3196650803806685e-07   
409 4090 0.0003375382194781996 87.72319222036596 2.268453003217932e-08 3.1683105776523228e-08 6.018242372011885e-08 1.3451333764562274e-07   
410 4100 0.0003131433822191604 84.18779279687823 1.7499872271132338e-08 1.7499872271132338e-08 4.8941449363861256e-08 6.382234057975659e-08   
411 4110 0.000294054175456538 84.72993433198944 6.686433128854319e-09 6.6864331288543190e-09 1.5354621734401582e-08 4.523668521732026e-08   
412 4120 0.00028229637910109033 83.52147548206084 5.378130944622034e-09 5.3781309446220338e-09 1.757744645736027e-08 3.620478543354362e-08   
413 4130 0.0002645726117497152 88.13396667820629 5.378130944622034e-09 7.9701226225693126e-09 1.7895688516603998e-08 4.1227159717192825e-08   
414 4140 0.0002505607746227461 84.73034525412204 5.378130944622034e-09 6.2149975107579179e-09 1.539666691093236e-08 3.2987071652652116e-08   
415 4150 0.00023896254938308428 82.39895095552725 5.095425006876552e-09 5.0954250068765519e-09 1.2152561296256871e-08 2.1772726547198247e-08   
416 4160 0.0001988708221583771 79.83384598136624 5.095425006876552e-09 7.2500465490000804e-09 1.3720146846952592e-08 2.5101347463916444e-08   
417 4170 0.0001852742543825329 79.78083643468031 4.3403429048930575e-09 4.3403429048930575e-09 1.0981219325422641e-08 1.62344542133074e-08   
418 4180 0.00017654129471392075 77.00140371196413 3.2242276347037466e-09 3.2242276347037466e-09 6.853787335092497e-09 1.0592867415524544e-08   
419 4190 0.00015909977319919925 74.360605845443 3.0295244454969068e-09 3.0295244454969068e-09 5.334153741705352e-09 9.948922450272769e-09   
420 4200 0.00013339360602927 75.76612903963655 1.7878732401668784e-09 1.7878732401668784e-09 5.236350909068723e-09 7.546845347935801e-09   
421 4210 0.00012193420978891721 74.10444609300363 7.470672935191739e-10 7.4706729351917386e-10 3.5179476820648374e-09 7.790104567482449e-09   
422 4220 0.00012283295842121603 77.96348549125712 7.470672935191739e-10 8.9712344085582848e-10 2.652023760839886e-09 3.5125392777882357e-09   
423 4230 0.00011346506456354837 80.49954826621627 2.111444002607038e-10 2.1114440026070379e-10 2.6115215870632726e-09 4.436999207757444e-09   
424 4240 0.00010438087195550337 77.51504170717945 2.111444002607038e-10 5.4958802292038476e-10 2.1914558489630366e-09 5.123892147257904e-09   
425 4250 0.0001005490055409166 79.75547374809163 2.111444002607038e-10 6.8151385365306579e-10 1.5821063046971289e-09 2.5651384579502004e-09   
426 4260 0.0001021449061883859 75.85214900236265 2.111444002607038e-10 4.6254254156217741e-10 1.3805646156148612e-09 2.6732836517491896e-09   
427 4270 8.751099253349872e-05 72.65630850160477 2.111444002607038e-10 3.6224152206953298e-10 1.1500396814334272e-09 2.9672232190105107e-09   
428 4280 8.055063282159715e-05 70.55949921793956 2.111444002607038e-10 3.0094762299731653e-10 8.216646070733123e-10 1.473651489245073e-09   
429 4290 6.987153373693645e-05 67.99897356033004 2.111444002607038e-10 2.6494721441228414e-10 9.114698112214567e-10 1.2495529584246978e-09   
430 4300 6.47724055963648e-05 70.09937790051139 2.111444002607038e-10 3.8650408210075119e-10 6.201751209266375e-10 1.2640576171638405e-09   
431 4310 5.7932982502617865e-05 68.84424134866424 2.111444002607038e-10 2.4201410931263042e-10 6.724545448215791e-10 1.0710698305785491e-09   
432 4320 5.343198280498152e-05 66.7913111218898 2.111444002607038e-10 3.0070811470301116e-10 5.263500249266716e-10 1.0008879858826828e-09   
433 4330 4.676642269642025e-05 69.51622342532237 1.6011286842492284e-10 1.6011286842492284e-10 4.719327214739763e-10 9.51192269572568e-10   
434 4340 4.506667933867282e-05 69.15746313795411 1.6011286842492284e-10 2.2090622167299787e-10 3.6090118904511613e-10 5.096892555326944e-10   
435 4350 4.238990950491582e-05 64.8780444309713 1.6011286842492284e-10 1.7915952924351787e-10 3.2920560977541346e-10 8.384165366785325e-10   
436 4360 3.897459344136274e-05 65.18145165259455 1.6011286842492284e-10 1.6722108359709883e-10 2.620825824587027e-10 5.806112617959114e-10   
437 4370 3.86381636494619e-05 65.99143530211332 8.400245403666577e-11 8.4002454036665765e-11 2.5354336503624026e-10 3.944381168819656e-10   
438 4380 3.5203167635336244e-05 68.28629146487991 8.251343369804735e-11 8.2513433698047346e-11 1.8823818522186837e-10 2.8312100605388464e-10   
439 4390 3.3464620046414545e-05 64.59181992469567 8.251343369804735e-11 1.0202146069818595e-10 1.8376739767662717e-10 2.958863425154705e-10   
440 4400 3.436495706465771e-05 68.23883279366017 4.556031860433e-11 4.5560318604329998e-11 2.058113232259228e-10 2.6022572244786876e-10   
441 4410 3.2936739856336946e-05 71.73163937460151 4.556031860433e-11 6.9059754227698775e-11 1.2732799403516102e-10 2.1579115873403133e-10   
442 4420 3.1963034647869506e-05 73.81809495438328 2.3492852818542077e-11 2.3492852818542077e-11 1.052880636992475e-10 2.703980658575708e-10   
443 4430 2.746160437986417e-05 67.788352968351 2.3492852818542077e-11 3.9734389742575050e-11 1.075622502854127e-10 3.014269365707779e-10   
444 4440 2.70883387219903e-05 65.66204293001853 2.3492852818542077e-11 3.3132815969140040e-11 9.551153622815817e-11 1.79619194137293e-10   
445 4450 2.5101000638640652e-05 66.72610368097696 1.4124829842871251e-11 1.4124829842871251e-11 5.903904920231115e-11 1.24822877000572e-10   
446 4460 2.3588375004807567e-05 70.31828658191803 1.4124829842871251e-11 1.5158930338737995e-11 3.4816575761649454e-11 1.1719924168014697e-10   
447 4470 2.2758621783655926e-05 69.11177667640344 1.4124829842871251e-11 1.4533809008873078e-11 3.5109999122091013e-11 7.128148407539185e-11   
448 4480 2.2079233020097436e-05 71.09217164763292 1.2794042030912676e-11 1.2794042030912676e-11 3.867096077534835e-11 5.960350222462093e-11   
449 4490 1.9533469228341065e-05 68.06747941050914 1.2794042030912676e-11 1.4935649361903536e-11 3.1670240027316213e-11 4.6993009949261694e-11   
450 4500 1.8227489561680085e-05 68.90795663589942 1.0379484636522784e-11 1.0379484636522784e-11 2.8019854235700318e-11 4.94408009123113e-11   
451 4510 1.7793773440928244e-05 71.18978301779225 1.0379484636522784e-11 1.6284568602272609e-11 2.8253627167930168e-11 5.869153024626451e-11   
452 4520 1.485405557347215e-05 71.15445652922128 1.0215707731150076e-11 1.0215707731150076e-11 1.917968308626502e-11 4.049988945185669e-11   
453 4530 1.4073167507867002e-05 71.0923691495811 8.462310370259128e-12 8.4623103702591281e-12 2.283682065299769e-11 3.704735050698343e-11   
454 4540 1.3749555124926855e-05 72.59801957719068 8.462310370259128e-12 1.0627020305538879e-11 1.8909512433165902e-11 3.7916215479602456e-11   
455 4550 1.3943410536331476e-05 76.19475693383156 5.582897189563124e-12 5.5828971895631241e-12 1.3983658991118415e-11 2.5894028352870586e-11   
456 4560 1.3108835953485934e-05 71.47957907490779 4.9891719178722846e-12 4.9891719178722846e-12 1.3448675034999726e-11 2.7826959855776425e-11   
457 4570 1.2036718835239838e-05 74.2753857772787 2.0367470420020683e-12 2.0367470420020683e-12 9.407125229131459e-12 2.2004129944611347e-11   
458 4580 1.1432713978315482e-05 71.3908060736063 2.0367470420020683e-12 2.5168643689878505e-12 8.840197717210433e-12 1.866940781095522e-11   
459 4590 9.760421134609795e-06 74.0292304285047 2.0367470420020683e-12 2.1337973416432468e-12 6.015678244669544e-12 1.6388353346146413e-11   
460 4600 9.535648768086519e-06 73.24362821305996 2.0367470420020683e-12 2.4697603879611754e-12 5.400589101375493e-12 9.909611780674229e-12   
461 4610 9.104397183278296e-06 79.36984036683756 2.0367470420020683e-12 3.6508413814964037e-12 6.588807792142767e-12 1.5238363839765535e-11   
462 4620 8.294928326622561e-06 83.7263128052438 2.0367470420020683e-12 3.6384662449756611e-12 7.463299983247535e-12 1.2995673990567376e-11   
463 4630 7.631166989883468e-06 83.53973554935097 2.0367470420020683e-12 2.0457794091845687e-12 6.281484247315336e-12 8.593168339160358e-12   
464 4640 7.13933607688096e-06 81.11570041586967 6.235333691134466e-13 6.2353336911344662e-13 2.6431274218110443e-12 9.413097072288869e-12   
465 4650 7.302060620123442e-06 78.40218304350654 5.512344838129422e-13 5.5123448381294221e-13 1.6087635874860996e-12 2.698586390099501e-12   
466 4660 6.6894010587844805e-06 70.48413621890266 3.9114884737246305e-13 3.9114884737246305e-13 2.1513202516232526e-12 3.635515845626752e-12   
467 4670 6.259426683387324e-06 69.04722744257371 3.9114884737246305e-13 6.7552222567923686e-13 1.9003445281089754e-12 2.7775736084000243e-12   
468 4680 5.493026679562794e-06 66.19430221545595 3.9114884737246305e-13 5.7998939311330467e-13 2.1877045273703222e-12 3.9854629459961675e-12   
469 4690 4.856365424174985e-06 64.55403548429837 2.418041140925039e-13 2.4180411409250392e-13 7.954851412361718e-13 1.858803572035168e-12   
470 4700 4.242402140816943e-06 65.30798052002663 2.418041140925039e-13 3.0329455057251487e-13 6.232122021565098e-13 1.8389699246574747e-12   
471 4710 4.0563211418300745e-06 63.997578244361186 2.418041140925039e-13 3.0716807719085853e-13 6.799711631392827e-13 1.8746818937436087e-12   
472 4720 3.9225183996528435e-06 65.03908620478903 2.418041140925039e-13 2.6007062044506930e-13 7.079204642740362e-13 1.0119536020949918e-12   
473 4730 3.549452647069165e-06 67.28281804840626 2.0122573941208047e-13 2.0122573941208047e-13 5.674018428959785e-13 8.833692710067387e-13   
474 4740 3.175933491502301e-06 64.38668134938979 1.9876211856640956e-13 1.9876211856640956e-13 7.100392153418753e-13 8.946938736899436e-13   
475 4750 2.9176305456744034e-06 68.00010388623936 1.4512877250485518e-13 1.4512877250485518e-13 3.604726426649005e-13 6.982069689326946e-13   
476 4760 2.808478441692731e-06 68.94118484322593 7.844918641893104e-14 7.8449186418931038e-14 3.823907598872997e-13 6.895976717087585e-13   
477 4770 2.493723629510801e-06 64.87842189627794 7.844918641893104e-14 7.9126883364157391e-14 2.312566292624283e-13 4.4888082058798176e-13   
478 4780 2.2395828175664325e-06 63.54590597114054 6.300452352934211e-14 6.3004523529342110e-14 2.360914059193837e-13 3.8835612827884985e-13   
479 4790 2.082276335274742e-06 61.16374206172942 6.300452352934211e-14 6.6187355819099682e-14 8.75204331070762e-14 2.418097303858709e-13   
480 4800 1.9304232350523685e-06 60.8970268811439 6.300452352934211e-14 7.1134606548947919e-14 1.2850036273624757e-13 2.823297178343415e-13   
481 4810 1.7001526633436607e-06 57.8071033653298 5.699728322839553e-14 5.6997283228395528e-14 1.2178894679423228e-13 2.44138436954874e-13   
482 4820 1.5582516276111156e-06 58.090932993668545 2.848402594296148e-14 2.8484025942961478e-14 8.537243755297913e-14 1.6429428850921427e-13   
483 4830 1.4809165464936675e-06 60.516112507248074 2.1362563063855194e-14 2.1362563063855194e-14 6.4954433440516e-14 1.8120882980456092e-13   
484 4840 1.2914537390770504e-06 59.36088023636921 1.7122564721081843e-14 1.7122564721081843e-14 7.80139991013809e-14 1.1538771882525104e-13   
485 4850 1.205111086642916e-06 55.93231768230292 7.206930155005842e-15 7.2069301550058420e-15 3.321568631104263e-14 5.216884448805814e-14   
486 4860 1.0684608585212678e-06 59.82124809264192 6.469669841430193e-15 6.4696698414301931e-15 3.1766786290117833e-14 5.393265945632035e-14   
487 4870 8.969919713384225e-07 58.73802147101347 6.469669841430193e-15 1.0980045750113016e-14 2.431518749558169e-14 4.217936948421367e-14   
488 4880 7.602192546349809e-07 58.85030144864756 4.796951748630588e-15 4.7969517486305876e-15 2.1461376346161053e-14 4.837124799470037e-14   
