% # columns="iteration, evaluation, sigma, void, void,  stds==sigma*sqrt(diag(C))", seed=924498, Tue Jul 26 18:08:17 2022, <python>{}</python>
1 10 0.44954239617635533 0 0 0.43549020442504993 0.43888854035854524 0.4366850241262771 0.4443276551439858 0.45282726370747906 0.4482066060780544 0.44605108388866405 0.4534135196411925
2 20 0.3743967372594868 0 0 0.35703384295496565 0.3438207166047426 0.3574262560154504 0.36390714889054626 0.36932603293321253 0.3682788536230672 0.3670911213670784 0.38073227523245
3 30 0.32399523922173407 0 0 0.2904300440764915 0.29605143611646567 0.3025804931437465 0.3088403675561666 0.31224008546651827 0.31420023147137527 0.313010338161477 0.32796447357241926
4 40 0.28872709246236905 0 0 0.2569148824630346 0.26497987054834626 0.26559948373320663 0.2614927979218537 0.2693857391025119 0.27680410921664017 0.2725074781806655 0.29245393548106874
5 50 0.2698732876989141 0 0 0.236243714443217 0.24482230883149345 0.24784839584346474 0.24459444973829914 0.2565691529948414 0.2558772733560424 0.24126345515655667 0.26647673788191656
6 60 0.2371062040128858 0 0 0.2063802987119813 0.21535175227214015 0.21461506707736452 0.21200013514659893 0.22563653333080017 0.21410038689741828 0.21040216914028537 0.22337776571806653
7 70 0.2130370083311473 0 0 0.18606650827816637 0.18676075619604598 0.19299210026605831 0.18396081847542373 0.1980842832741665 0.1888125194952368 0.18499035753455179 0.1996740423422833
8 80 0.19142293395221127 0 0 0.1679887977209155 0.16726440143566768 0.17308473037252078 0.16493810137276954 0.16398735519114233 0.16880777700114918 0.15731883406532504 0.17963113994952326
9 90 0.1711959339540279 0 0 0.14814186209259397 0.14908944827043943 0.1440298293316727 0.14908973542025236 0.1453111511721478 0.14913340235451492 0.13592245103773842 0.15359310783191663
10 100 0.1497971888287087 0 0 0.12297422251673815 0.13078286227747335 0.1268771814917525 0.12638666026004697 0.12411204302004894 0.12843443273349484 0.11813213407746509 0.12869541040534738
11 110 0.1412269505409734 0 0 0.11749793890538689 0.12110046438950081 0.11385944162025416 0.11921290379059657 0.11466871033766807 0.11688784980531565 0.112003440295236 0.12250375988518009
12 120 0.14287201527502844 0 0 0.11905129819736061 0.1236913018331177 0.1177360902243184 0.1213948144984489 0.11372708956553929 0.11328784992160881 0.11555771298909294 0.12075050050537584
13 130 0.13059312309590826 0 0 0.11008987417953309 0.10852878603611975 0.10247893196541832 0.10843577859087608 0.10212602370723536 0.10285060602290617 0.10318231078859924 0.11114434634052028
14 140 0.12223801813676376 0 0 0.10481106052195194 0.10070284827041351 0.08897473618176745 0.10017120492475132 0.09593501265310311 0.09525267935626813 0.09477044036776451 0.10346554279611171
15 150 0.10898679980284719 0 0 0.09310965650576933 0.08633610550826205 0.07712204788207556 0.08872648117376875 0.0837688694297888 0.0823292602787924 0.08306495103479694 0.09149996614517283
16 160 0.09348839180676084 0 0 0.0800504004801581 0.06924935823268481 0.06556668768894562 0.07578564061547399 0.07007141356453288 0.06833784664560935 0.07119452510621735 0.07915063740718416
17 170 0.08100803136217415 0 0 0.06847531042505796 0.059555266381992863 0.0558952861550267 0.06406686436056086 0.06046592720170346 0.05479855101254893 0.06146064569317543 0.06622073159549054
18 180 0.06937807968762774 0 0 0.0578505900082097 0.049890739866163464 0.04569395618287621 0.05466013655301576 0.05001843553786626 0.0451509378270384 0.05248709971918808 0.055160207759381526
19 190 0.06588563260754485 0 0 0.055187663448705036 0.046693334590700075 0.04335173337875451 0.0510271238250095 0.04572772023120714 0.04374527705276707 0.049660223188172356 0.0499403857739101
20 200 0.061926016482746614 0 0 0.052380342454331826 0.04293801911158613 0.03950141778323846 0.047647731876141436 0.042364573390173195 0.04194751528855797 0.045476359015922715 0.0459747245261038
21 210 0.056528221010982205 0 0 0.04679798259971458 0.03996269375244086 0.03558576117959857 0.04186999120780695 0.03879930550450413 0.03864816647391893 0.03996511577449887 0.0413716675661902
22 220 0.05687193637541005 0 0 0.04636227247768707 0.03940191731530879 0.035408860483006656 0.04191838677166415 0.03879453501561008 0.039712962384815434 0.04029885971433091 0.04071916243219202
23 230 0.05009208455844327 0 0 0.040284079259847845 0.03408017189716672 0.030790521654520894 0.03607037727736571 0.03385007159382348 0.03358609020088711 0.03526643956929027 0.03386646933812657
24 240 0.043323730795900246 0 0 0.032746337886561006 0.029358486638828004 0.026672483593904263 0.030826513903771266 0.028734043586291957 0.029372871815118454 0.029519362203812953 0.028031420969151163
25 250 0.03590465223010837 0 0 0.027015326975397387 0.02428242476473997 0.0215134907520993 0.024923292434864512 0.02285270662133297 0.024415228112153756 0.024303334717385463 0.022882954466219456
26 260 0.03259028040380159 0 0 0.02446369191438248 0.021715671596023414 0.019142366931802855 0.023159393796682873 0.020345931572151334 0.020605476385918104 0.022062009050048275 0.020569788281290923
27 270 0.030098736988680517 0 0 0.022076937755810797 0.02019316097445973 0.017302664449416822 0.020430520589048807 0.0183760365065494 0.01893212020693342 0.020138379010916592 0.0196856039318069
28 280 0.027755178562398324 0 0 0.020052385229948975 0.018733063094085123 0.01565076294795696 0.018238010401832934 0.01705426871642696 0.017048056881100736 0.018454176454529157 0.01766796802601317
29 290 0.023710642051599642 0 0 0.01656401537564262 0.01545627738762956 0.013277131036570584 0.015024972507130937 0.014223514815873738 0.014341601758659691 0.015622188937518279 0.014465984652917322
30 300 0.02086406027842567 0 0 0.014219471437542548 0.012903439901780231 0.011739837801228808 0.012826838169395845 0.012418967868183708 0.012658643596116926 0.013676050102439411 0.012380180324399475
31 310 0.02044787545303476 0 0 0.01370335188818413 0.012968810145341614 0.011203559678603196 0.012101132779046802 0.01224342135571211 0.012788362671352124 0.012906331674615322 0.012081673829758428
32 320 0.019690864496959337 0 0 0.012935024956679461 0.01284964618368325 0.010868423228945996 0.011767448524410223 0.011204405130958923 0.011986811684999647 0.012392721128411612 0.011716038951771493
33 330 0.018189049715117294 0 0 0.01159492465057487 0.012080218655535685 0.009496331303484993 0.010579042907581646 0.010541228990069028 0.010968276009401895 0.011125515977870362 0.010831059062940868
34 340 0.017943566265074776 0 0 0.011523234618165266 0.012140684429632264 0.009386358725367772 0.01013911002195764 0.010528691293345023 0.010696573877141785 0.010481650948387948 0.010565133346489432
35 350 0.01871219822933271 0 0 0.012452865806212016 0.01232526916254871 0.009816550580570807 0.010910309910839402 0.011117905842331506 0.010626183828577017 0.010855699050069773 0.010805705357056133
36 360 0.018291380010983252 0 0 0.012541893189756927 0.011903028326228868 0.009197452758172752 0.010266918903127939 0.010510619008577853 0.010451612378079608 0.010296506442010016 0.010512080091637753
37 370 0.01641606039527523 0 0 0.011218942983876486 0.010430824783915842 0.008180507155311802 0.009402695663947176 0.00969159056002495 0.0089618926547672 0.008646798317361629 0.009479096296275078
38 380 0.015538462463848181 0 0 0.010347206790137172 0.00988997339776168 0.007813501812359425 0.008749115779538725 0.009072213790064352 0.008904322920160685 0.00781566793841979 0.008818473316554302
39 390 0.013581375976992254 0 0 0.009044058476734111 0.008443470839059926 0.006740688709232586 0.007509543968864851 0.00758121379642389 0.007266576512992275 0.0068219799074038835 0.0076179984639402525
40 400 0.012052887596164696 0 0 0.007823152939528354 0.007370485700731609 0.0058918197372102975 0.00663051436940707 0.006369546062891554 0.0063666859924052 0.005926850187155825 0.006765771978808042
41 410 0.010466612991286305 0 0 0.006597475896015513 0.0064300118107641245 0.005069809703964884 0.00535969384119631 0.005498185376303734 0.005405589773939109 0.005095237060170828 0.005807461686830626
42 420 0.0099099870441534 0 0 0.006599835784470086 0.0061858832625304875 0.004693513814274701 0.005062959790534271 0.0050412927013911354 0.004896422875222718 0.004782313952177144 0.005348503870492715
43 430 0.00914596974049278 0 0 0.006015621653691232 0.005690041711018959 0.004281224879385582 0.0045854067889900445 0.004464174517739891 0.004324841773909212 0.004436426363495957 0.004935107881194014
44 440 0.008938422378364919 0 0 0.006034044710210212 0.005580576044859862 0.004063968153346347 0.0044391614067355156 0.004041597207908153 0.004196681299664541 0.004402012970004023 0.004634887673861984
45 450 0.008664691609478506 0 0 0.005968239539156759 0.005173190478159427 0.003868853638282874 0.004154013068748318 0.0038185496223722922 0.004013683093567191 0.004229066892951517 0.004421767777783264
46 460 0.00929754248527163 0 0 0.006854573765271094 0.005674934117643254 0.004054362987916298 0.004592219640037654 0.004072328820423298 0.004339111889965129 0.0045420181423889245 0.004379358828709746
47 470 0.009424151013306 0 0 0.006890259298556676 0.006011875774072827 0.004171648650896049 0.004687129307870684 0.004115006543920348 0.004367688979430357 0.004622705857920105 0.004159289158073689
48 480 0.010255547296314716 0 0 0.007874954678238035 0.0064660511376994165 0.0044586436138975925 0.0049880719151721925 0.004840106459999782 0.004801923276075926 0.0048455332229915705 0.004556996851993558
49 490 0.010375534320055859 0 0 0.008116271605372639 0.006931773338494129 0.004469281468398819 0.005062847990179477 0.004852757293294521 0.004900687403415836 0.004811599096975691 0.004570276152573191
50 500 0.010746705353795096 0 0 0.008757127469593097 0.007616379593812397 0.004694037600138401 0.005267798617149001 0.004770896933141617 0.005062620679243411 0.004813913154189446 0.004505899345487992
51 510 0.010811106488672477 0 0 0.008622502692590859 0.0077277247567804136 0.004656947381173205 0.005066326558272754 0.0048003320435484635 0.005039952490285258 0.00489112025461152 0.004411313292649071
52 520 0.011984635986320767 0 0 0.010241849712632678 0.009564760112769145 0.004928242356568394 0.005607776995553821 0.005331281093255443 0.005593195470035836 0.005306559557428605 0.00484853943963879
53 530 0.011513154988329647 0 0 0.00994582786827562 0.009134795683553737 0.004785889953839305 0.005325477624120694 0.005029873939101581 0.005295242008731455 0.005090448313992047 0.004498433775392812
54 540 0.010860010932700847 0 0 0.009402208009224523 0.008222202338379753 0.004512019279179908 0.004797277618744341 0.00465857644844507 0.005021193492305962 0.004673693327283481 0.004112286735336985
55 550 0.010905467733041314 0 0 0.009895546000563072 0.008270728811182437 0.0044578520147191955 0.0047009334841835865 0.00467385328356719 0.004832760572288865 0.0046677929203944035 0.004072395877153292
56 560 0.012977510148936285 0 0 0.012460964935759978 0.010140188283805121 0.00526069372898352 0.005458218179512708 0.0056020517225500955 0.005588233549863404 0.00581790952291019 0.004861938214992841
57 570 0.013694490046601823 0 0 0.013045124723262446 0.010633302372576552 0.005349679748470607 0.0057603751050884795 0.005914768010458296 0.005921433175829772 0.005569432733795113 0.005173576448605868
58 580 0.01349607028501213 0 0 0.012896698673024017 0.010370362560423072 0.00525259684900071 0.0055940943757497455 0.0055121279594832215 0.00590172231292108 0.005363229714850893 0.005165880357275871
59 590 0.014260262675275411 0 0 0.014344101843828358 0.01132972998315053 0.0052349037019822926 0.005670102573403888 0.005705411717610505 0.006198717868473074 0.005579169650828368 0.005681041583798881
60 600 0.012977739615070014 0 0 0.01285115795296976 0.010303843089750504 0.004701689117956651 0.005079120150075858 0.004972665187156328 0.005554253677202181 0.005076288237919787 0.005259404670053253
61 610 0.011661959173626986 0 0 0.01172790317404604 0.009287482442462656 0.004287279965852743 0.0043885228719336596 0.004472043665515322 0.004926891218819437 0.004566153906537766 0.004634368626029676
62 620 0.012063156490869743 0 0 0.013002492536714896 0.009875322701680563 0.004614431824112321 0.004381030342512318 0.004542912903185198 0.0050363380748496556 0.004554129096641674 0.004557619833603972
63 630 0.014253605661100338 0 0 0.016053488644825892 0.012049625064686173 0.005523444802306076 0.005004524595456464 0.0053558982907436 0.005885901399420872 0.005342631696052694 0.005238114269906839
64 640 0.018131374934132388 0 0 0.020581901150567315 0.015367000591382856 0.006957482999040584 0.0064861008542491695 0.006598741434183767 0.007644664026369646 0.006935785008878535 0.0064182881013164226
65 650 0.020262391774618763 0 0 0.022652166424719393 0.017009311909685028 0.007595460718353739 0.00738954794568854 0.0073688158700143825 0.00817006054869467 0.007572909994664341 0.0069433503070684775
66 660 0.023570393067284562 0 0 0.02796112861238561 0.021200737784617226 0.00877111780941306 0.008445980224676665 0.008561586531841959 0.009000964995758089 0.008699771485597385 0.00831901858097015
67 670 0.028731565028112187 0 0 0.03520558035891735 0.02608897961235635 0.01045944558170519 0.010430610252592419 0.01039180168880038 0.010684526298440222 0.010227340938180807 0.010211740343061855
68 680 0.030707980151294213 0 0 0.037813113043170414 0.027174475286497756 0.01097306357592587 0.011059889793138102 0.010896201244026802 0.01140567338616276 0.010838233101573504 0.010784589994406579
69 690 0.033146247656732485 0 0 0.042166973136172486 0.029492938688291708 0.01208187292248399 0.01183356594848524 0.011558622162033272 0.012241427067643374 0.011848071434765623 0.011597489091336515
70 700 0.0357325670958402 0 0 0.04698332839334059 0.031810105851018435 0.012850349489895326 0.01280450312191831 0.012115852013773505 0.012598648555724805 0.012282555265571782 0.012810009695106567
71 710 0.04178232875433781 0 0 0.05665007878283487 0.03618360508113354 0.014391465634511418 0.01465125638977411 0.014131427230336556 0.014372685107480061 0.014323080998839428 0.01486458692593269
72 720 0.04421497194279253 0 0 0.05819163306321582 0.03645523572279737 0.015128911276586865 0.015336080229003913 0.015210704808859013 0.0146740256621702 0.015083065566532777 0.015474857437209473
73 730 0.05022818601697977 0 0 0.0688275910453403 0.04098262274514324 0.017396528143145625 0.017324539505349592 0.017340326129943177 0.015951572749873456 0.016635799158465362 0.017607893508749674
74 740 0.04622283046269784 0 0 0.06091413460703083 0.03539986737911852 0.016346802579594543 0.01570660759234512 0.015685731352071287 0.014575509484973643 0.01535981132654087 0.016108568099258227
75 750 0.04359166156933138 0 0 0.056639185594262016 0.032947013941738774 0.015433675492543368 0.014487419693327765 0.014892472768990203 0.013099628399772313 0.014391200313100483 0.014604875690591894
76 760 0.04576914859431369 0 0 0.05822063429013505 0.032903540650185706 0.01619206904013841 0.014932264778789946 0.015828758800445833 0.013557061866397345 0.01465857821208319 0.01589453555529828
77 770 0.04677014361164841 0 0 0.05932551224349332 0.03304897508149389 0.016107640790702947 0.014707117660626776 0.015620119245301304 0.014004852632977006 0.014609816954260894 0.01655227259151514
78 780 0.046590640250449795 0 0 0.05915104609429475 0.03117451303954039 0.015410625358850412 0.014949585284768883 0.015213832906758144 0.013960614893772628 0.014492547287574565 0.015859797955580908
79 790 0.04658405557227537 0 0 0.05936833887971704 0.030750428495570064 0.014806662844047164 0.014174762654619998 0.014823275133303311 0.014073685576577446 0.014239873164836051 0.015752077671718507
80 800 0.04717375810565487 0 0 0.05880585068950614 0.030156933021097742 0.014756882846363303 0.013969801770970776 0.015157930367856365 0.0141632581687553 0.014474810921858022 0.015439651059264833
81 810 0.042609013520643946 0 0 0.05123521242621436 0.02587086498028195 0.013178045812935824 0.01267807001250747 0.013620092720133417 0.012557840735164449 0.01301042616891358 0.013471829697307333
82 820 0.04118508846711743 0 0 0.050313988357219966 0.02502147765982787 0.0121534811590686 0.012296316933143099 0.012896650185506946 0.011728244939668767 0.012314966517445205 0.012975907130051261
83 830 0.04186727037377985 0 0 0.05109942161904131 0.0243657151213314 0.012302863207558691 0.011577185892162485 0.013165318246479808 0.011976530955437659 0.012383572344574096 0.01320256280120452
84 840 0.04518748560446199 0 0 0.05205203570760737 0.024274178740548973 0.013253414570557058 0.012805272501734676 0.013935025538656894 0.013075840010750722 0.013453984345029132 0.014194142813200975
85 850 0.04555736605572286 0 0 0.04937043385619395 0.023550258119229124 0.013096510526046842 0.012698356300979886 0.013929680006774055 0.01327924061712854 0.013440117408993417 0.013929767088731183
86 860 0.04342576624132759 0 0 0.04631396976548569 0.021632944134973974 0.012111067151778787 0.012026956268822017 0.013239859064732871 0.012853699252482472 0.012944956815587008 0.013082006529672067
87 870 0.04144449643009057 0 0 0.042711532497070534 0.020810732278467668 0.011387576964342616 0.0112704902089339 0.012485564427643106 0.011997870235979447 0.012092234287246722 0.011993841113333324
88 880 0.04642804195602451 0 0 0.052552050671825036 0.023329517591580105 0.012448251295121893 0.012617594887924596 0.013669447973737139 0.013574167598365246 0.013947645507825629 0.013126957701033398
89 890 0.05781971806209884 0 0 0.06938073932613854 0.02880848622852438 0.015331482734922608 0.015385639301675883 0.0168910336062864 0.017044555127932785 0.017609454913236476 0.016452132840461126
90 900 0.06403465042229992 0 0 0.07429016328631083 0.03215662320871058 0.016791166969387164 0.016630829538686047 0.018457266762667415 0.01871622384430775 0.01969860793692582 0.01761355926972425
91 910 0.06926457242652247 0 0 0.07871798170328206 0.03422430481953014 0.018659817158063186 0.018515235582845953 0.019178491146856103 0.019594591454395512 0.021992999312274678 0.01873339406571316
92 920 0.06548079405560496 0 0 0.07202592084029295 0.029608463396099138 0.017636725855237793 0.017238166866578558 0.01793770553658232 0.01825998411266833 0.021038140524661814 0.017729569372937022
93 930 0.06916156910950562 0 0 0.07879053227991341 0.03139937116655529 0.0176549613314221 0.018214677627039058 0.019110851208642553 0.018989754046647267 0.021334130938152507 0.01852063914550152
94 940 0.06571233850603546 0 0 0.07352699772477328 0.0296153921676196 0.016437424810404826 0.017269568950631704 0.01787929936976875 0.0177656404093409 0.019484055264342454 0.017147076110831546
95 950 0.06584131303929844 0 0 0.07087289213418196 0.029841834953786693 0.016090703659736683 0.017333688543217072 0.017451041812680375 0.0176245475115902 0.018995668463082073 0.018214566773566022
96 960 0.06879578025005506 0 0 0.07070350605178734 0.03325635675938686 0.016575734018308225 0.01819233103943131 0.017813392579897315 0.01834809194498177 0.01952152083721711 0.01882834255375364
97 970 0.07213800446818854 0 0 0.07577011965628548 0.03669305404615816 0.017150925148582172 0.019042113103971133 0.018341395444013055 0.01823282915972766 0.019409942427675932 0.01959921574783211
98 980 0.07130795213339437 0 0 0.07641169597750105 0.03447007304690407 0.0166202625045115 0.01855843454276006 0.018192903769690783 0.017783094619044006 0.019020027206598983 0.018686839425699313
99 990 0.07283785125820706 0 0 0.07288007657327839 0.03506751342072752 0.017636864292730668 0.019035931260875605 0.018310592034559734 0.018338190755481907 0.018772820830314 0.019083224306869474
100 1000 0.06683295658213029 0 0 0.06435087820700788 0.031145025027531702 0.01647187869667651 0.01726841381203747 0.01684710788986738 0.01630447223974496 0.017280561970911493 0.016836309354568847
101 1010 0.06311937060023808 0 0 0.05936241571732279 0.029830371456606365 0.015659366764768513 0.015620342011203901 0.01480697599866488 0.015288595349547336 0.016337128484315566 0.015528114019823057
102 1020 0.06239723696768284 0 0 0.05675626598025747 0.030075195048531397 0.016386612145023877 0.015133060058767725 0.014259657679614483 0.01493823130180476 0.01587451486352816 0.015257161008114284
103 1030 0.05875776260730884 0 0 0.051804922900742484 0.02863706486780787 0.014959133775696017 0.013888559016511343 0.013353931919734385 0.013717492202414815 0.015055233071584071 0.014137086782646462
104 1040 0.05787490183175887 0 0 0.049524501357916785 0.03001911106685233 0.014773567092967989 0.013015661651022024 0.013159811332609185 0.013210065516811769 0.014625905713912993 0.013775065012569945
105 1050 0.05071482093936346 0 0 0.041676902236961605 0.026031045206067062 0.012681147532113508 0.011537076758777636 0.01105415851239545 0.011276456951434016 0.012607567151203088 0.012026976451491578
106 1060 0.047412367699916386 0 0 0.037748605220020784 0.024684395188535952 0.011597049347380785 0.010733447607470458 0.009632856762570238 0.010352994889503855 0.011663635563873712 0.011092444901397103
107 1070 0.04573001054102875 0 0 0.03518847781103357 0.024416617811032805 0.010881223749368323 0.009886703672860552 0.009434001590389048 0.010343157283501865 0.011037814881041379 0.010394726684446548
108 1080 0.045109160370792746 0 0 0.032596440352851475 0.023884497396272124 0.01080589647400312 0.009654726201420135 0.009461736617187428 0.009841342798483399 0.011253335430085854 0.010296520128729395
109 1090 0.04075988061906583 0 0 0.02957211635239063 0.02138753225485507 0.009817873737852305 0.00886895479946748 0.008659854911285006 0.00865584488618702 0.010036350457533993 0.009158078012186798
110 1100 0.04037138503356139 0 0 0.0307967596853311 0.02154244240657163 0.009656079131633109 0.008779926342630601 0.008573616544553587 0.00840984064960225 0.009639606649988591 0.009021345904887939
111 1110 0.038887025086008276 0 0 0.029347005707906458 0.020776056744388996 0.009338879859344054 0.008458232424722925 0.007979857956369166 0.008122113435985406 0.008737019767323658 0.008656905990606006
112 1120 0.04091164958932409 0 0 0.031097135957008 0.022125187688574455 0.009827744957379814 0.008680707623515879 0.00827355036152503 0.00855101774040404 0.010016750640350722 0.009075484162248564
113 1130 0.04386910744034985 0 0 0.03267521457427052 0.02391793296771842 0.010547098398328647 0.009622157503101648 0.00865454577829234 0.009150739690557156 0.010628921780550252 0.009726502986031341
114 1140 0.04867948539195243 0 0 0.037754688732867595 0.027095968240198377 0.011713803074571873 0.01105718592946464 0.009644731694670566 0.00958405903638051 0.011858695873065078 0.010901732402431604
115 1150 0.05750433885687219 0 0 0.04517073814918924 0.03311999265914781 0.014022532418403339 0.013595968026225896 0.010951776407688234 0.01129152768689009 0.013735583138361677 0.01316483621463628
116 1160 0.06282334151115504 0 0 0.046702534015031355 0.03646727626672791 0.01515454001681495 0.015522731580854442 0.011959934592879666 0.012871309294517325 0.014621621422419991 0.014337084160154697
117 1170 0.06295198623056343 0 0 0.04400747130381224 0.035112470848309166 0.015719410178048062 0.015509258803792024 0.012089579679876603 0.012596254672791879 0.01434322892988294 0.013937771579519437
118 1180 0.06167396760456172 0 0 0.04175408974499409 0.03280968510975535 0.015684159452671865 0.014981446700706938 0.012023594277895672 0.012217607536818149 0.013982983794079888 0.013639050026540016
119 1190 0.07049086227095784 0 0 0.04780487623175089 0.038036709119652325 0.0206293727178651 0.01732290342062738 0.013323670677621972 0.013925242739929013 0.015940559154001388 0.016013596827105278
120 1200 0.07118236952636237 0 0 0.04699094106679961 0.038057327981567926 0.021163456731377574 0.017575248769087563 0.01337186681258533 0.0135693816375963 0.015698123811547282 0.01608034090033321
121 1210 0.0688524824325323 0 0 0.04466174167145247 0.037230918738967236 0.020444715701315782 0.016988281308192296 0.012919651326223558 0.01315228089935727 0.014934591097886503 0.015802208115386143
122 1220 0.064233155905087 0 0 0.04016789330476346 0.03447658853723062 0.01924285642625904 0.01583284638892417 0.012010638913105654 0.012172659070267088 0.013722371911701019 0.01466788486844984
123 1230 0.05296392174007194 0 0 0.032548175310003404 0.028180405074571386 0.01568517549902433 0.013125878440355569 0.009891014660409144 0.010208253952719216 0.010789352101791121 0.011882813006826733
124 1240 0.04992269703984983 0 0 0.030234689458459377 0.025756141361810526 0.01479851544237744 0.012077442139465936 0.009438169732265612 0.009554549120399708 0.010100233953387773 0.010620194166828412
125 1250 0.04999137083772241 0 0 0.03035007253403529 0.02552666080120241 0.01494279114003595 0.012153877398780023 0.00923307957396542 0.009583396698061766 0.010335660041851037 0.01037520872035973
126 1260 0.04740698389990911 0 0 0.028614442728348736 0.024242407662478888 0.013751157881853947 0.011238004513395313 0.008613775110248197 0.009104028473760978 0.009454897851313955 0.00948582012215571
127 1270 0.052650474194705414 0 0 0.03211984442873458 0.027293335031078936 0.01648206929860522 0.012278022177418286 0.009565267308309408 0.00965091895121475 0.010526344760614804 0.010514816418425528
128 1280 0.05828604950667612 0 0 0.03358017719098801 0.02987867833725923 0.01970544068761444 0.013183943997320586 0.010468669023466022 0.010689941719919644 0.011634137102801844 0.011402844456563673
129 1290 0.06632835650560548 0 0 0.03751510632713456 0.034898733492212244 0.022713763159426994 0.014859241774128416 0.011707672758694923 0.012518465038720951 0.0130322480719525 0.013224250044470203
130 1300 0.07119806561437696 0 0 0.039179828117109385 0.037950670589394525 0.024462819976250366 0.016730759284061165 0.012671667848990757 0.013277586123956488 0.013691012400719304 0.013861553896276056
131 1310 0.07422782325599023 0 0 0.03958534092481365 0.04004102221024211 0.0253815645214251 0.01694763765192655 0.01310581188654992 0.013758009221922107 0.014883169563139845 0.01479483401046218
132 1320 0.07159472319006599 0 0 0.03816076184004594 0.039340040833563863 0.02547160885476673 0.01611156343599349 0.012606217342384925 0.013171203054523344 0.013761015356818718 0.01422723911007558
133 1330 0.07210618712570097 0 0 0.03836492363904379 0.0393695250164278 0.024593687377958688 0.015428414021375458 0.012727000120150206 0.013704924294938614 0.013894530974959081 0.01410626284945914
134 1340 0.08174757704821504 0 0 0.041290375658050944 0.042887184213694154 0.027745258265537094 0.017092582535009372 0.014234324804881036 0.01675205361081854 0.015590684138567564 0.01606252891156732
135 1350 0.07515274642408624 0 0 0.036454701165678526 0.03914585972696176 0.025774100430303135 0.015533187743570681 0.012794394702196071 0.015411975668887615 0.01413521499532165 0.014716664846219555
136 1360 0.0678204525143485 0 0 0.03252226520182612 0.03528355902692759 0.02320239480756477 0.013749475763713367 0.01146506899828679 0.013789604834032567 0.01252839044686699 0.012927875251765022
137 1370 0.06542589928210742 0 0 0.02946141031566545 0.0331872737417974 0.0226293459611927 0.012958880082448583 0.011105116420314576 0.01299636459950193 0.012164053635654544 0.012077931597743511
138 1380 0.062456625164786 0 0 0.028581737312147068 0.03197241222220333 0.021698747236741273 0.012522124710369363 0.010301047910432248 0.012366613961674886 0.011314212087175465 0.011413110756254225
139 1390 0.06615699523279675 0 0 0.03092348975470108 0.034809473325812544 0.025283877773569306 0.013555616592653679 0.01064316714114123 0.012643243875907068 0.011809437434937415 0.012192908214866353
140 1400 0.07828240431884632 0 0 0.03518834412945752 0.04049815216787062 0.030612359083710104 0.01586583417858271 0.012472795612492147 0.014800325639854041 0.013650402841045801 0.014464407311760302
141 1410 0.08215253105659627 0 0 0.03700561486833311 0.04331585146912179 0.032898053165912995 0.016828352128672192 0.012964067612688306 0.015249103192093983 0.014008917294751205 0.015794527948953647
142 1420 0.09551885624380393 0 0 0.04413846434587306 0.053616973774205545 0.04270696141427634 0.021787842460053292 0.01491540574488055 0.01671028107333594 0.015803757524799764 0.01829562755907053
143 1430 0.10897948903140267 0 0 0.05020083389616661 0.06069897499975621 0.04876360782673042 0.025847516534173373 0.0178287900985877 0.01798827300534971 0.017603829581318002 0.020852521836685064
144 1440 0.12268441860298138 0 0 0.05682902241800541 0.06976362777614141 0.05682624071355424 0.03138516356060324 0.020233702337611268 0.02021014571241929 0.019765372437422952 0.02284282371383909
145 1450 0.12358374808588685 0 0 0.05281617829627547 0.0662565096423932 0.05580127076028095 0.030538330190917826 0.020407270422608714 0.019588827174811394 0.01967150802160424 0.022821175073081016
146 1460 0.11435305042575657 0 0 0.04942870514878835 0.06210665531598823 0.051789959476158734 0.028407001336618973 0.019043746135166146 0.017558847726210514 0.018119975036046204 0.02058555479704498
147 1470 0.10586468001040164 0 0 0.04456216409525726 0.05655437545890256 0.047623863335573634 0.02578811700250547 0.017811417937606346 0.01601252401718503 0.016709462248001756 0.019112276874038554
148 1480 0.10832793915379436 0 0 0.042843749037343844 0.053793145814810484 0.04833468006131118 0.026986967113208863 0.017796977649280836 0.016118166429385388 0.017307562280539722 0.019705785591625603
149 1490 0.11373303581161574 0 0 0.04235499336502405 0.055489120364724885 0.050871128813319906 0.029861855977653902 0.018385433507058006 0.016866491260161175 0.01857666862171131 0.020887468902141555
150 1500 0.10446207738201553 0 0 0.03659430003481938 0.048641430159938125 0.04643185384714963 0.027347784544924363 0.016464791057958242 0.015383218982592935 0.01660916456738749 0.01926540959003977
151 1510 0.10833808776924927 0 0 0.037548806360430946 0.04994034020575975 0.04893702097459698 0.029284773417425632 0.01751065937013383 0.015937041592460354 0.017430930458091513 0.019347106784425423
152 1520 0.10205693303815822 0 0 0.03464149024560242 0.04714564590881497 0.045994180202046465 0.02777901491183126 0.01668279057103244 0.014817753746746654 0.016113060333169282 0.01848009967916727
153 1530 0.09144972685975047 0 0 0.029385673803994428 0.04036500107064545 0.040303402896663565 0.024293058801166317 0.014942910981748079 0.013194366419986333 0.014307354477428584 0.016447249303962193
154 1540 0.08074283329385643 0 0 0.024889272174688733 0.03429293390688554 0.03375437232799224 0.02059882074836984 0.013273071343344338 0.011426822801984118 0.012867571538183192 0.013972753948571321
155 1550 0.08408827302742142 0 0 0.02551117862499517 0.035747553915583666 0.03462441864770198 0.022021309400973958 0.01323721368167253 0.011762192384796616 0.01328103241036057 0.014891767678965169
156 1560 0.08484489836960063 0 0 0.024798768471442068 0.03485738242488093 0.03406391945121904 0.023001368631285768 0.014056976182254823 0.012104231551028204 0.013391735882402686 0.015134899047249187
157 1570 0.08265711996733173 0 0 0.022732244301743088 0.03272198165481581 0.0320548897813331 0.022582330571973203 0.013869721766003523 0.01228691355465476 0.013095525739278035 0.013730552011878224
158 1580 0.09724589104134153 0 0 0.026763578533978337 0.03875228058907712 0.0380034420776528 0.030201700301137512 0.018395253738480576 0.015074093607643307 0.014613119118923917 0.01542498198580579
159 1590 0.09276611170987313 0 0 0.024818325628556202 0.035624824477596344 0.03587837358880355 0.02832948533898296 0.01775582810454617 0.01444253283358859 0.013614788733565567 0.015288552825932285
160 1600 0.08640042833542955 0 0 0.022493048163545026 0.03317575820448286 0.033512740157558146 0.02688555876388652 0.016050804404272707 0.013226746772089425 0.012470525554511839 0.013852441278883474
161 1610 0.07953538327094714 0 0 0.019143303080984605 0.02794397938923874 0.029760335265653366 0.024172771023629823 0.014245863767089343 0.011885689676711093 0.011515731890963913 0.01278020476461994
162 1620 0.0856144649452285 0 0 0.019718303068734906 0.02910107475000487 0.031671874201845966 0.026327389986653325 0.015232909030409154 0.0129936419557466 0.012565564302199676 0.013731612642294016
163 1630 0.08309328139889992 0 0 0.01893470524305663 0.02827302136040906 0.030613632813918618 0.025482272754879985 0.01452496699372708 0.012604592740655717 0.012315398702240526 0.013136767427375911
164 1640 0.08580434772580071 0 0 0.01910666771853092 0.028765777264187366 0.03148304891295123 0.02576889287585303 0.014691250411590322 0.013188958591742798 0.012317406710605352 0.013074935667133379
165 1650 0.08596793670038563 0 0 0.01852145179024884 0.02875232551371083 0.03137783298957737 0.025615928770022948 0.014596033395176759 0.013090942338508816 0.012522925264139156 0.013071077563317636
166 1660 0.07788689345545852 0 0 0.016082558471727227 0.02541111366481157 0.02812459517901051 0.023417849375112293 0.012993148147039946 0.011943194907506076 0.011350760598080194 0.011247514500992236
167 1670 0.08659810603557311 0 0 0.018229143778251734 0.028571655175192088 0.03213319180964535 0.026122577270971913 0.014325966225779547 0.013508864554163374 0.01360236911544962 0.012191716784254968
168 1680 0.09067951746417029 0 0 0.017832850430215826 0.029476411151663096 0.032833741101054005 0.027565623000816955 0.016124327236113768 0.014035414059826173 0.014309288118052843 0.012745374140526806
169 1690 0.09835311439324103 0 0 0.01920804941462185 0.032738094083243685 0.036343529082178784 0.030793776837060957 0.018922632928466163 0.014296927131809365 0.015550739473534643 0.01376619817822058
170 1700 0.1069891544242203 0 0 0.02000303102870765 0.0346109530941071 0.03914167319629311 0.03495495474160552 0.022738689669331163 0.015403831058992026 0.016766155931163713 0.014411357941446238
171 1710 0.11568065723910435 0 0 0.021056518500177847 0.03563853762172551 0.04119225323474006 0.03758612240757534 0.024760866738599 0.016731164097694373 0.018862659708298188 0.015938607080400156
172 1720 0.11304532891173516 0 0 0.020229770070849768 0.03448605628397597 0.03979656463144592 0.03547931150585439 0.02384814804069518 0.01615422240547314 0.018315651839420705 0.015078171188280474
173 1730 0.12071285846644567 0 0 0.021269894982426124 0.035597610384838135 0.04120555513731702 0.039162300922643084 0.027718903536804545 0.016886918023389326 0.01862876557170907 0.016117852268168566
174 1740 0.11964228597237021 0 0 0.021122705753112488 0.03454156102707496 0.04003495353609747 0.03812569352514838 0.027901872634917845 0.016721874802967752 0.017813094633422833 0.016326017207323455
175 1750 0.11782143473333115 0 0 0.020263087280390744 0.03342918796975496 0.03914552058519184 0.03697009476334338 0.027633140871464425 0.016440159795351936 0.017682288376274575 0.016539466466369206
176 1760 0.11846756273814837 0 0 0.02033521834392819 0.033587792104667655 0.03920127533498223 0.03748306608948294 0.028956298019992943 0.016033520115511225 0.017894171067640775 0.01676394386742382
177 1770 0.11412392908104681 0 0 0.018767827692684362 0.03071861967971623 0.03672200583946806 0.035538243880215016 0.0283214630175313 0.01529769278755551 0.017120971574738877 0.015980396952856565
178 1780 0.1103814079997839 0 0 0.017907125306756675 0.029102896959827262 0.034274278187642546 0.03438538310766167 0.02718777956569407 0.014558975282254631 0.015985313514976902 0.016231216499571106
179 1790 0.10643863302394965 0 0 0.015769506052879828 0.0253660719772341 0.031558658316993324 0.03295205137269041 0.026719923329251306 0.014181219380710507 0.015583131758411565 0.015600325611948351
180 1800 0.10231279101928663 0 0 0.015328001292135043 0.024692359341820846 0.03152920129553396 0.032442984644817506 0.02619845928761619 0.013590873480297942 0.014910092161704913 0.014420096148205597
181 1810 0.10448647834308854 0 0 0.015812923623239803 0.025486039859622233 0.032906070405677446 0.036112633038968216 0.02956911182812488 0.014121052981701214 0.014999610186767598 0.01457080156601747
182 1820 0.10838059207410711 0 0 0.015969505393288924 0.02518323908450503 0.032534236876873075 0.037905598009709544 0.03204376892158675 0.015034589332323683 0.01577108046300598 0.014977695766912779
183 1830 0.11368256680251372 0 0 0.016027381517287494 0.026452500215438494 0.03443797421842713 0.040220065083236195 0.03422053996084938 0.015948761121953297 0.017002391088665254 0.01579491331138978
184 1840 0.11780299513754196 0 0 0.016424283234365834 0.026621382544189186 0.03484095867350448 0.04133154346567157 0.03580003579520674 0.017258391037105816 0.017653408440144104 0.01605462081718811
185 1850 0.12524050319146793 0 0 0.017065414481766027 0.028034828069588177 0.036657819998390864 0.044394018617176914 0.0382430268112239 0.01885634109249173 0.019068477780883074 0.01754345864657163
186 1860 0.12375533451159317 0 0 0.01637822790828075 0.027485742355493108 0.036099520102438706 0.0447468122096579 0.038207304797239224 0.018886201110115165 0.0191154202629164 0.017453900641180974
187 1870 0.1269638334100068 0 0 0.016778601731873132 0.027983561999384645 0.036646240475665844 0.04586843339317161 0.038565841927104376 0.019525130147401516 0.019092414594390036 0.01793684540473853
188 1880 0.13399989950666463 0 0 0.018010631466301243 0.028732033832924015 0.03823918558496081 0.04826749074357485 0.04170815878770972 0.02295448375847795 0.019642562137212577 0.018944317716549038
189 1890 0.14638784544852887 0 0 0.019213001218917187 0.030881131261409487 0.04250516167482925 0.05499716187052372 0.04829424930266086 0.02677107250238931 0.02117106140763018 0.020947036953384388
190 1900 0.1442440076697337 0 0 0.017259623676163245 0.027987873865539213 0.039681342346202936 0.05159448783653678 0.04675336182538121 0.026872341453869766 0.020686279563159136 0.020877403583080316
191 1910 0.14202615083377254 0 0 0.016817127403514695 0.027403672986709773 0.038775899261942325 0.04978809053394412 0.04484952926107076 0.027996182168926725 0.02045595361162762 0.020285009536285804
192 1920 0.12177180723261061 0 0 0.014078003226000202 0.022201630049506312 0.031609490340227905 0.04101664355144503 0.03691696260829721 0.02287011371871599 0.017275562535386337 0.017194750502141528
193 1930 0.11089726852226732 0 0 0.012617657498286035 0.019616983707141385 0.028125470802419655 0.0360628183419323 0.03255323644933108 0.02076852721563329 0.015597670290647386 0.01528855138625912
194 1940 0.10716196172982184 0 0 0.01191948008176955 0.01923132755486745 0.02734146668854681 0.0350536132158089 0.030945139025474626 0.020363800882081645 0.014854872787109364 0.014920123905114413
195 1950 0.1043016449802428 0 0 0.011697191027693662 0.018732349428131474 0.02648850604319114 0.03448813670554876 0.029983558416312263 0.019663321090496205 0.014619496470356002 0.014136415927204916
196 1960 0.09729297773658777 0 0 0.010313302637585118 0.015994490580116646 0.024172713891070396 0.03190199429750921 0.027913031367951445 0.01824293559283686 0.013946428211556307 0.013029897665318665
197 1970 0.09175002671586747 0 0 0.010095579585124885 0.015179120165899002 0.022088989241222136 0.02875976358325653 0.026018186533343094 0.016163302520549767 0.013281099862903118 0.012032827026950221
198 1980 0.0891462576168608 0 0 0.009486929710977138 0.014394923481322944 0.020935351551794018 0.027972041635835655 0.026286704744902023 0.016218237323602197 0.013254177413508485 0.011590788558523538
199 1990 0.09139118146929973 0 0 0.009325371679130555 0.014228181986703347 0.020910230207990616 0.027589237501922912 0.027278047231976774 0.01802155153687156 0.01319914967192539 0.011757205160528979
200 2000 0.10008868138249274 0 0 0.010211228681415432 0.015006053139244153 0.021977105195430707 0.028765460326792242 0.03037174638919616 0.020599818807703087 0.014403493521781545 0.012779517917482537
201 2010 0.1033599059883038 0 0 0.009882222031850794 0.014689649047368355 0.021763903399114038 0.02874788809426984 0.03136704543486507 0.022478657206919495 0.01487497839196546 0.013333607419937684
202 2020 0.12004530504754095 0 0 0.01099824053301067 0.016749840855635457 0.026218884581245938 0.03593019914530723 0.040697379119549536 0.028514378127044333 0.018642961244829226 0.01558235009668127
203 2030 0.12745253463251469 0 0 0.011478885250359129 0.01707377290197562 0.026835956688469095 0.0382346187164017 0.04395642480204961 0.03165235532413968 0.019612432223853737 0.016453400135276672
204 2040 0.14580652993741408 0 0 0.012909258980157521 0.019556115786191406 0.03145572182270508 0.043792491059969275 0.053452006694513346 0.04043591886766026 0.024597436060494828 0.01861913806529358
205 2050 0.14239798807405724 0 0 0.012584855393786603 0.019410801400540648 0.03103559109872 0.04326111430689876 0.052233021757870556 0.03977222149737021 0.02416397101965274 0.01744905904368272
206 2060 0.14394579901147891 0 0 0.01260733699580122 0.019399829678999406 0.030380857775736382 0.041508564946331795 0.04981325454773909 0.03910482601008719 0.02496036400775508 0.01689042821363428
207 2070 0.13786166227185168 0 0 0.011850129669010237 0.01814886062890406 0.028977692141107972 0.039416590901746526 0.04722158533734268 0.03810013437942189 0.023838166662834 0.015509722027874375
208 2080 0.13904059496293353 0 0 0.011965113585379187 0.018586246521453884 0.029328167257559386 0.040255944754570866 0.048463328750780583 0.04001020790536234 0.022547013403263337 0.015367521701663162
209 2090 0.13767369457450923 0 0 0.011933098673088664 0.017408547763992664 0.02711573499740782 0.03733127632306922 0.045571951875909664 0.03852108477204455 0.02205520541089394 0.015234223645068535
210 2100 0.12401808882961764 0 0 0.010431135781592049 0.015395022118543822 0.024006142399320286 0.03386662273822584 0.041193574477109814 0.03505059083822657 0.019779969024179164 0.013234038929558252
211 2110 0.1193107685211629 0 0 0.009670031999787327 0.014297560145962587 0.02264896469710185 0.032224631816815834 0.03954522055158887 0.03371028352623077 0.01884549144938465 0.012764093577567338
212 2120 0.11190395450164048 0 0 0.00888260612287222 0.013338751326889718 0.02109991047430405 0.029740379111092046 0.036955571754743725 0.031500169228822254 0.017653419298881364 0.011637917311073925
213 2130 0.1090126867568913 0 0 0.008618293947393673 0.013093896309676079 0.02072914896495373 0.028917603766044967 0.03565768257087399 0.03101389013530539 0.01779124631678849 0.01143600584562056
214 2140 0.09644471349358186 0 0 0.007531236806790287 0.011326564682506519 0.01756674589472874 0.024109518279956485 0.03067581413100185 0.02728884922770049 0.015884384437939016 0.00984123240554462
215 2150 0.08321904664243349 0 0 0.006428867017740376 0.009805371761898173 0.015082009843290176 0.020301282643651507 0.025825559522186622 0.023518364952527005 0.0136171364990717 0.008350536321664282
216 2160 0.07762884727318652 0 0 0.005902175763563437 0.008852335128256653 0.013624394449693331 0.018085457758692747 0.022934220084411847 0.021079511532684475 0.012226265345808373 0.007821304806607888
217 2170 0.07275156192829037 0 0 0.0053306174547189744 0.008047620652758217 0.012550265810672204 0.01688722272176355 0.02155585444432986 0.01979803356482041 0.01137437742503274 0.007212886630247524
218 2180 0.07317216311105196 0 0 0.005257607208331748 0.007658084510420296 0.012300042631338633 0.016548181821041237 0.02104319724807136 0.01942008306458612 0.011645759244905551 0.007243040437678995
219 2190 0.08065220127011884 0 0 0.0057570047902516484 0.008274008085298995 0.013368841489590567 0.01783561473471128 0.02295345174738369 0.02213360442892227 0.013785775751118397 0.007843584847911277
220 2200 0.09076794383700237 0 0 0.0064526120975641 0.00903860987718696 0.014956084377626775 0.01996095046931921 0.026335223412365275 0.025982022809682075 0.01714579228476235 0.008499462660871678
221 2210 0.10447759884549086 0 0 0.007383300805305579 0.010397038257351806 0.016528280582421177 0.021913399668545046 0.02954352367108119 0.02944353142462551 0.0201668375296412 0.009648749887693264
222 2220 0.11023092071576142 0 0 0.008186853624979841 0.011242929429740643 0.018224765204466496 0.02370265857023305 0.03223316554851097 0.03207344040958462 0.02220311508604191 0.010244949710579971
223 2230 0.11980833750718695 0 0 0.008791807314616429 0.0119974022734884 0.019281462175074992 0.024805949367964673 0.03269526999012451 0.03247645497523524 0.025135307911440908 0.011258796976750056
224 2240 0.12807764827145038 0 0 0.009260234601077496 0.012691453958618074 0.019971130061058523 0.02561613936063819 0.03443734997808791 0.035438954347208375 0.026972055592764724 0.011960000162311296
225 2250 0.11890730241157291 0 0 0.008281153540176892 0.011104576357398914 0.01740118099243179 0.022858742233530207 0.031157903931391222 0.032329212381977876 0.0240517731098099 0.010682272635161033
226 2260 0.12329173758938756 0 0 0.008572990548640785 0.01089139261964936 0.017827081405667553 0.025001446223606495 0.035140876103322276 0.0364133987074555 0.026112078690638772 0.011278568779179137
227 2270 0.1272163468816567 0 0 0.008769381179158188 0.011284994645535522 0.018205919233686408 0.025164362767141644 0.03559266900331754 0.037209299649354634 0.027290467084651007 0.01249276123064147
228 2280 0.14921647333747534 0 0 0.010291912912005178 0.013737530115709334 0.022128851100784126 0.030295588204756727 0.04263234275224816 0.045808167885344746 0.03365574074795001 0.017051925099176794
229 2290 0.16247755552964666 0 0 0.010894250834050248 0.014668774322981479 0.022775488022549414 0.03114412755021612 0.043375584016671354 0.04755154519569613 0.03627427872734047 0.02036044795605679
230 2300 0.18212688521456602 0 0 0.011332405641697092 0.015308725742171382 0.02323702184328822 0.033585688569407815 0.04609844035713463 0.05186485520838122 0.04167873645977843 0.02322924224484878
231 2310 0.21497382964029296 0 0 0.01359977877875008 0.018598910359435568 0.027399035548801742 0.03947631791891549 0.05250859212535755 0.06070448081543016 0.05122455780725662 0.028549944299156478
232 2320 0.24426601964549804 0 0 0.01602014350244528 0.02138135777634631 0.029061411399889346 0.04303933506581648 0.058255702130895946 0.06870914193830326 0.05886002384556897 0.03231114869756909
233 2330 0.24686272757509722 0 0 0.01595306628573986 0.02130045749111094 0.028814806150515022 0.04248378139341822 0.05659671370023715 0.0691877555735914 0.059458417346726 0.032152856711917074
234 2340 0.23628506463994534 0 0 0.01510358590960899 0.020270977306105015 0.027146079591123588 0.03986486734608383 0.051691901323186316 0.06429642770960446 0.05615705938082604 0.029809273790123707
235 2350 0.2163476652567535 0 0 0.013212892993183555 0.018161667347571915 0.024119137110566936 0.035228437643652875 0.04587547654740189 0.057713537182203685 0.050956442665572914 0.02659912640865892
236 2360 0.19008507975035208 0 0 0.011437989281644807 0.016031993163785944 0.02115203311841916 0.02972307791286595 0.037976805320545474 0.04809728879545184 0.04178517542674439 0.023779856429509725
237 2370 0.17991905876435027 0 0 0.011052404450531246 0.015377134242394343 0.02016728727891953 0.028067107330045235 0.03607333452151129 0.046063447559570654 0.0394508068638512 0.02304363652523561
238 2380 0.16650071212078812 0 0 0.010429541279873063 0.014245671862188683 0.018525190765202173 0.02503876837940864 0.03139375332138825 0.04066023812837188 0.03441117643082326 0.021209773076905487
239 2390 0.15232226476669225 0 0 0.00942719429495262 0.012322696944097933 0.015951861502707353 0.021525622251497532 0.027561697719960216 0.036828286287894724 0.031572241136589504 0.01949640827506621
240 2400 0.1522038450279028 0 0 0.009303426560887916 0.011792296029060203 0.015431847862863972 0.02038996588769129 0.026869102217258512 0.03607256632865999 0.03162159796622012 0.01989222408706656
241 2410 0.14478378988091048 0 0 0.008407370592310344 0.01090111410827796 0.01459262195912171 0.01889636440289577 0.024616527653381785 0.03359589177711809 0.030221370607824396 0.01911043161831847
242 2420 0.1362218500406992 0 0 0.007828184755889216 0.010057621545839317 0.013732866898128427 0.017800016320547174 0.023226034637916206 0.03233477547132147 0.02889073176462694 0.01810054387182276
243 2430 0.12383781977645977 0 0 0.006988990504161275 0.009056354188686368 0.012055864339750444 0.015909561212246525 0.020749026315012773 0.02887989376201241 0.026292486882118295 0.016444565327191518
244 2440 0.12064501361000453 0 0 0.006898869733024326 0.008738604521518985 0.011642858529329515 0.015137208387865 0.02068997981324172 0.027951474717431465 0.025697885881740518 0.016154309488136447
245 2450 0.10284017952256232 0 0 0.005733978742605086 0.0073614497404153835 0.009796518342195868 0.012781978040229222 0.017414046636018487 0.023534262407770873 0.02191197564226031 0.013711396910756544
246 2460 0.10643021263275401 0 0 0.005778396568607206 0.007699202001404001 0.009726204698083107 0.013010104948612596 0.017935044722508616 0.02397694820199527 0.022905406691648346 0.014248860626688637
247 2470 0.10118558332742839 0 0 0.005440861849696557 0.007210971268323699 0.009079618800382511 0.012266251994742995 0.016372491146795017 0.02246835761171945 0.02215422404887369 0.013726333455402754
248 2480 0.08696793353142063 0 0 0.004498660750178877 0.0057770515145755055 0.00704352928353776 0.009941119418051335 0.013675296449085687 0.019003654228771868 0.01904171472369224 0.01180006524841395
249 2490 0.08315945816464028 0 0 0.004350146653364536 0.005554231934977025 0.006625249956155963 0.009359874392277017 0.012724542359132809 0.017786969418340834 0.01787891363019455 0.011326393323306146
250 2500 0.07679160195063892 0 0 0.004094551949514464 0.0050122281971578505 0.005944122119806876 0.008434914419408138 0.011600145368653303 0.016418894434787668 0.01610532545710798 0.009777880969636166
251 2510 0.07391160649900079 0 0 0.003995177314679488 0.004739824565049504 0.005679060412309336 0.007709371167433696 0.010754208399734585 0.015152965567395227 0.01479573134543038 0.00911136806548136
252 2520 0.0738209520086583 0 0 0.003979231983410763 0.004897150829940701 0.005798034901084235 0.007460266059143599 0.010793707199590226 0.014885729738012865 0.015063362354216188 0.009480193005119247
253 2530 0.08114308531740914 0 0 0.004311703461138677 0.005496946481279185 0.006671666240412367 0.008226660786896043 0.01194289186373573 0.01600129802649492 0.01726882694963191 0.0110121799898977
254 2540 0.08110834900624905 0 0 0.004405764890416917 0.005584126912074383 0.0066897278945996 0.00809733685958428 0.011771736165180598 0.015780637475858485 0.017433831530213467 0.011202333715786023
255 2550 0.08610400252356148 0 0 0.004648143376864376 0.005862604220965858 0.007038533897029484 0.008217645228088554 0.012024809646137755 0.016083783586128966 0.01823934060087654 0.012511584405414439
256 2560 0.09493659203267112 0 0 0.004892065889590423 0.006382744624518265 0.007822700206713204 0.00902911102372007 0.013885736426704787 0.018537936695384213 0.02114261625330516 0.015230253160709788
257 2570 0.10300171556948921 0 0 0.005317046862208222 0.006758402035301218 0.008479097777721142 0.009604921054165574 0.015035920368861118 0.02047530816807654 0.022901319771704492 0.017637548541016197
258 2580 0.1044086746180949 0 0 0.005373409704611605 0.006747046054714135 0.008345229734674319 0.009642484834278407 0.015087127547896734 0.02085239841243387 0.023003076446812605 0.018246531902034655
259 2590 0.10485977784941117 0 0 0.005433129016002614 0.006696630693357709 0.00838729157355439 0.00953370612836138 0.014578896564104191 0.020872559853494916 0.022946332440908795 0.01834483623161034
260 2600 0.09682802279845693 0 0 0.004983289339735959 0.006130693038839733 0.007734729881388344 0.008822232116669741 0.013452349594453199 0.019412866337817063 0.021263911067713737 0.01707075322918885
261 2610 0.09037231112573527 0 0 0.004487114339891359 0.005707128999222191 0.007198504653599647 0.007985227926466922 0.012184353477599021 0.017575991051620915 0.019670378841270875 0.015822756162806883
262 2620 0.09084891760774863 0 0 0.004595955516608589 0.005867838103132002 0.007337328995968511 0.008005602597927191 0.012002363220640914 0.017947543601101318 0.020539088679963163 0.01739001662001815
263 2630 0.09569269121800869 0 0 0.004849634815466131 0.005989230465325234 0.007358740414105897 0.008236725199827518 0.012484323596003733 0.018619308291476875 0.02149942097418161 0.0189886123506497
264 2640 0.09165487245247479 0 0 0.004643301670259915 0.005686027901460218 0.00694429804398292 0.007818381518557916 0.012003148185332201 0.017936213397798773 0.021147477419506025 0.018455555746469697
265 2650 0.094559888743508 0 0 0.004737818491104113 0.005457018222383159 0.006933474756716281 0.007622113234552471 0.012081439084094049 0.017956155720763794 0.02132985906936696 0.019169399995854316
266 2660 0.0930232293424623 0 0 0.004589900388414847 0.005158816892178573 0.006679277705645449 0.007406949893279431 0.012052747651488659 0.018080335739839165 0.021778291699616405 0.01931620371951505
267 2670 0.09293137935572361 0 0 0.004417518491986572 0.005066171929236307 0.0065029827175466836 0.007351955386449058 0.01221650720886923 0.01856618907490232 0.02313514206533941 0.020302200490143918
268 2680 0.10265798488128063 0 0 0.004910570482034753 0.0055737742247180255 0.007236363333880902 0.008226842841808754 0.013722654710226122 0.020909662110126168 0.027084072988692837 0.023731132310906587
269 2690 0.10012196114602684 0 0 0.004815501443241148 0.0052990450832411575 0.007116089215150202 0.008136333101638768 0.013624517655349926 0.020374159906734572 0.026561681906760785 0.022999718178293566
270 2700 0.09172213882470222 0 0 0.004345415582206189 0.004619574319782614 0.0059661858377414384 0.0071170049888108315 0.011885907792415239 0.01771061278259346 0.02349064987803217 0.020486406868606186
271 2710 0.09586189835937671 0 0 0.004772097044519997 0.00497459125819324 0.006165841108924838 0.00717493193391104 0.01190518662413565 0.01778511153826892 0.02341378348041735 0.020918913265354933
272 2720 0.1002626856184373 0 0 0.004962586309771344 0.005255629223448158 0.006344926799126877 0.007338186956333895 0.01185372479368134 0.017800463695666936 0.023637359132812015 0.02183582534771131
273 2730 0.09848713538601483 0 0 0.004853233112779308 0.004895641248518982 0.006119095718697391 0.0071217175048409066 0.011332054813712246 0.017101369883302145 0.022751166960235367 0.021521519025155124
274 2740 0.09908907658951462 0 0 0.004906196670440921 0.004852439626455365 0.006350897665242722 0.007202428873115275 0.011603949809706719 0.018120436565472586 0.023823270171824125 0.022826848316585147
275 2750 0.09480000378783711 0 0 0.004747277287050891 0.0045586271257510675 0.005773261482515522 0.006412225654130525 0.010704638865460966 0.01676457325831902 0.022068676207108923 0.021563197118807824
276 2760 0.08663150518046991 0 0 0.004194586726112851 0.004092857337162718 0.00529444921829164 0.005633273693295991 0.00940925282129555 0.015158648227481338 0.020121146978635027 0.020031326845367476
277 2770 0.09534589336773215 0 0 0.004371716205908938 0.00445785753939597 0.005798786978428236 0.0063762925834497455 0.010600448143844024 0.017281436567795492 0.023738911120500368 0.02464947491169536
278 2780 0.10458544748712711 0 0 0.004852553381277549 0.004925830556358846 0.006616905125288247 0.00710972199726918 0.012289120316610088 0.019867494444112364 0.027372700031342168 0.02896387798713033
279 2790 0.111393882594698 0 0 0.005031302039065044 0.005172582719527248 0.0070212868558779205 0.008091272010139951 0.013675379254510716 0.022598635644041968 0.030979581813867396 0.03263119116342403
280 2800 0.11417240715105363 0 0 0.005152865583034403 0.00528119704790291 0.006928896508432305 0.0076054581157001385 0.012812132270240816 0.021120381886805952 0.028694370432454087 0.030920055267137085
281 2810 0.10615450024186937 0 0 0.004674008299565736 0.004850092410138974 0.0064679839281976586 0.007564208807501689 0.012204876659263286 0.019938647800465874 0.027028374169692122 0.029123228585712608
282 2820 0.1011487159147298 0 0 0.004390900715308072 0.004517330508116663 0.006115963893360301 0.0074015615194648965 0.01171777681255373 0.018871374698354083 0.02595954188298402 0.028336743616862014
283 2830 0.09913392994784366 0 0 0.004088413646568494 0.004196364648388842 0.005960841447150302 0.00724075804953098 0.011275649488478211 0.017910397330335837 0.024991138300156535 0.027732772680303903
284 2840 0.09866272942266087 0 0 0.003962126951252256 0.003972005877303015 0.005850934464132619 0.007202317063725652 0.01151388133385491 0.018024566847714495 0.02542860121984423 0.028590872770512917
285 2850 0.09534143284080618 0 0 0.0038230783614590746 0.003813447674384276 0.005533766563898159 0.006808095426472862 0.010903634604480617 0.016796635869256674 0.023801693705211027 0.026927150302260755
286 2860 0.09340882335909376 0 0 0.003744958605870423 0.003714867521291171 0.00542376284888233 0.0066136965500424765 0.010669130118692282 0.016775963465065144 0.024112783834195576 0.027616596404785025
287 2870 0.09474736729456164 0 0 0.0037359977500178347 0.003704021798437507 0.005465163684110003 0.006692349396990091 0.010627398380214498 0.016482705213333754 0.024086704932975555 0.028012006427541255
288 2880 0.09385523106212092 0 0 0.003580346465219197 0.0034907910440765185 0.00502964058929278 0.006350549136631445 0.01005722833634263 0.015845999881621223 0.023539785860641742 0.02814243255857635
289 2890 0.09224297187154312 0 0 0.0035100351149389957 0.003269417609448851 0.004611871954099237 0.0059859234782978265 0.00955893456041561 0.015291306349295373 0.022844064950497057 0.02745652418618136
290 2900 0.09079732634787528 0 0 0.0034303097352683136 0.003202176209431778 0.004580176826598426 0.005787690244321741 0.00952599905124217 0.01524868109220669 0.022699167752559764 0.02757388278246476
291 2910 0.08868733681906714 0 0 0.0032922047700748762 0.003058656831802913 0.0044974187239705055 0.0056061582484936675 0.00906017581421191 0.014243302485173097 0.021523935550444292 0.026540108916405892
292 2920 0.08207713693169938 0 0 0.0029616983089122365 0.002813922830316793 0.00408642032530631 0.005269389359102832 0.008483233003605132 0.01325888855949373 0.019898209702186587 0.02464684499499799
293 2930 0.07223498741158363 0 0 0.0025393117518381332 0.002437404071781223 0.0036186217668102306 0.004547710860353045 0.007251315433997773 0.01143197577087924 0.01738000882508704 0.02157011901203578
294 2940 0.07088915090114987 0 0 0.0025308334288587915 0.002503926526223752 0.00356458241007054 0.004361128530639435 0.00692267250724029 0.011000031540140232 0.01676991808689694 0.02084600820423639
295 2950 0.07364496038799238 0 0 0.0026676326217371766 0.0025238019402543744 0.0036051006310230385 0.004432257430320077 0.006965868258900047 0.01128613604787142 0.017334556779119936 0.02193091415441194
296 2960 0.0725025859601557 0 0 0.00256986380729673 0.0024403053525985565 0.003210712467709481 0.004212883653392812 0.00681884674327354 0.010968728367293406 0.016884222407248625 0.021323551566718738
297 2970 0.06685342733577267 0 0 0.0023564161701524066 0.0021892520571599595 0.002965861680895183 0.00392632279632939 0.006282260940991322 0.009895756091507574 0.015496797911385278 0.019688460335044608
298 2980 0.07079955212830448 0 0 0.0025448287402359674 0.002345572670914431 0.003203683624389961 0.004174457526111576 0.006712286986846182 0.010934632666761835 0.017248776665589625 0.02248676724997917
299 2990 0.06536556594786969 0 0 0.0023252159147633287 0.002157264053052554 0.0029969694136676157 0.0038319651772196466 0.006088067044361828 0.009885111075052019 0.015605918902705115 0.02077161437042618
300 3000 0.06816091447572149 0 0 0.002375399350471318 0.0020886958669049343 0.0030878299050017643 0.003985057352906955 0.00642024772304986 0.01042061477359335 0.01650444569197584 0.022049152215864138
301 3010 0.06599080957611023 0 0 0.0022899787133710717 0.0019107720026613239 0.002917209660756153 0.0038166544648966048 0.006187312067877572 0.010161054216851876 0.016049623598685808 0.02145993694289671
302 3020 0.07153794985763673 0 0 0.0023669381188710695 0.001996999790092502 0.003162983758400105 0.004090623372305233 0.006689903228959239 0.011176356896308326 0.017748541555595423 0.02420200178909597
303 3030 0.07416346171378821 0 0 0.002440487023313515 0.00206056654214888 0.003167612634191713 0.00417856850200725 0.006442022464356654 0.01071778572494958 0.0174215688616803 0.024886179290094044
304 3040 0.08705464475689002 0 0 0.002862929685409403 0.0024321926835251667 0.0036530939939541074 0.0050380945072803105 0.00814373501600966 0.013824008088835327 0.023058519185248233 0.034055764463298006
305 3050 0.10549564048312866 0 0 0.003472766632429962 0.0029825678016306935 0.004378379518246472 0.005829613906614283 0.009638026415524416 0.016433076593482407 0.027280621625909735 0.04098019207688818
306 3060 0.11948872452714396 0 0 0.003932786534166455 0.003312351275691029 0.004966551157234705 0.006611719591045691 0.010580496959122498 0.018220157825397296 0.030830233674660822 0.04678190832522386
307 3070 0.12528306122622193 0 0 0.00403647180730713 0.0033888953146464164 0.0050587690025416686 0.006887441133786989 0.011027239676313833 0.018507100863756804 0.03166387673158097 0.047914065794305384
308 3080 0.11515790507161969 0 0 0.0037156575857118694 0.0030429090884692093 0.004603455263246768 0.006241498031509117 0.009961272893112246 0.016526581631684883 0.028307344002146802 0.04314162303551389
309 3090 0.12084597937943965 0 0 0.004000293367146878 0.0032609097285081594 0.004788048077812528 0.006490823336036896 0.010334223927497601 0.01741855238880509 0.03014139348533099 0.04658737158028912
310 3100 0.1214101233775667 0 0 0.004008661008242555 0.0032595376106940585 0.004748782728735068 0.006369303755748701 0.010349397007854274 0.017560290523359137 0.030573050086163317 0.04748995107667437
311 3110 0.11945035027159676 0 0 0.003721131408592871 0.003125811655956955 0.00450596913357536 0.006013950604787299 0.010181433526962373 0.017388540300252706 0.030659434230883555 0.048385037518685794
312 3120 0.12344587553866519 0 0 0.0038102082835827808 0.003217627572312277 0.004501354248429658 0.006450136235809651 0.011057828327066201 0.018611421279312465 0.03259523693011699 0.052037233830437006
313 3130 0.11440295662701297 0 0 0.0034780439266697684 0.0029246276730612087 0.004136285157073676 0.006024024815291271 0.010249803120457781 0.016936540826864004 0.02936874405152459 0.04736099801785823
314 3140 0.10817036008836692 0 0 0.0032671458333458805 0.002726280607894127 0.003746182817494362 0.0056805024047106994 0.009695776535650619 0.016077447240651667 0.027782135824974904 0.045312566327618126
315 3150 0.1100689418855837 0 0 0.003299527326734077 0.002713687537406274 0.003797284456163205 0.005731472300207252 0.009739902140807678 0.016172207202395473 0.027657534195623442 0.045813581592739044
316 3160 0.10597970490918794 0 0 0.003176038307688467 0.0026896303595836685 0.0036587989955750573 0.005561896846372477 0.00918285360208222 0.015046042288634256 0.026000633588737054 0.04360799222798951
317 3170 0.09051398872616105 0 0 0.0027005552182849837 0.002274631781755714 0.003058570184187247 0.004654268150925621 0.007723807637250248 0.012596468633735064 0.021740314049326227 0.03671454166959188
318 3180 0.07937179329516579 0 0 0.0022790750181573625 0.0019547913713626936 0.0026413400237882013 0.003985604914087182 0.006714573687964416 0.010926262278606854 0.01889058017351318 0.032030843903378674
319 3190 0.07779867424199487 0 0 0.0021679067444870873 0.0019243075492673988 0.00262499398066916 0.003873626619674483 0.006615060907708767 0.01091688353140259 0.01909581886167501 0.032497064889989706
320 3200 0.07885894833855082 0 0 0.002231901526494876 0.0019491532548388919 0.0026814054309709733 0.003855820093732597 0.006689226335709349 0.011072711833125207 0.01936434257572174 0.03296194796683296
321 3210 0.08196411549049991 0 0 0.002400968134655291 0.0019786665871080007 0.0027836115769140344 0.003935517524836051 0.006792974946096337 0.011436424415000557 0.02028289644800928 0.03530622098453343
322 3220 0.08287425628501188 0 0 0.002401270741582626 0.002029662990668424 0.0027601488665120804 0.003854434905698097 0.006616341745917801 0.011296117585115497 0.02052261198848487 0.03613182141343269
323 3230 0.078226982151688 0 0 0.0022063589396623183 0.001865296213822996 0.0025052325676866672 0.0034347793728362664 0.006108535813907523 0.010480032108137485 0.019190111552940932 0.03371895393308158
324 3240 0.07560520318249472 0 0 0.0020831020419417308 0.001776545382581149 0.002374822298316012 0.0033715501715783887 0.0059203822834537016 0.010271080153681385 0.018841359201798687 0.033210480050485415
325 3250 0.07495674752678987 0 0 0.0020543881472115466 0.001796302423173068 0.0022758907364421885 0.003334435091128744 0.005753183041171797 0.010118947785475408 0.01861724519421296 0.03263446197619477
326 3260 0.06803433102554203 0 0 0.0018613522944282098 0.0016501150435172317 0.0020344663253056687 0.003108331987987174 0.005449484289591639 0.00951921971394433 0.01760774777412379 0.030989492741191525
327 3270 0.0587698248815711 0 0 0.0015420125055546558 0.001394752838757839 0.001755087238357753 0.002660051452430372 0.0046874214699459075 0.008216623286041627 0.015171392125389968 0.026715646063340065
328 3280 0.05723053739909043 0 0 0.0014939044413161578 0.0013600565866006297 0.0016975102241542103 0.0026396987174599497 0.0046937016064143074 0.008146135391711341 0.015043703971836596 0.026557108784165236
329 3290 0.0545454671287279 0 0 0.0014076706633390599 0.0013245789352767507 0.001607461705203017 0.002433282968045912 0.004307362105422896 0.007510358709494792 0.013805372277210709 0.024613339553787833
330 3300 0.04718273442278479 0 0 0.0012218320995186485 0.0011459703666365727 0.0013778750218986914 0.0021118100580756706 0.0036109090650147777 0.006241183737625571 0.011585620587527228 0.020872606122657223
331 3310 0.04533527442572198 0 0 0.001210864542074037 0.0010854383529190228 0.001268940728671536 0.001983720334004245 0.003450076670748218 0.006031458284827529 0.011239829119377157 0.02026688177909344
332 3320 0.03975546397080088 0 0 0.0010613557291702996 0.0009368607847361991 0.001094286811948836 0.0016988399728191947 0.0029962159195313833 0.005219711072740941 0.009749505073657298 0.01758119830529703
333 3330 0.037280552807419924 0 0 0.0009750563502635619 0.0008762001630257367 0.0010174400645919892 0.0015916065498792328 0.002796029842590345 0.004975784945120911 0.009310101082950542 0.016912501859597803
334 3340 0.03516293938800984 0 0 0.0008964035071977103 0.0008026245772157424 0.0009410168506563831 0.0014353899736295297 0.0025306733049930558 0.004593439084818812 0.008596127464302914 0.015586656644065788
335 3350 0.032415073771994 0 0 0.0008225256269536886 0.0007473366466843996 0.0008878853604703173 0.0013298405876952526 0.002355048198136133 0.004238947983960347 0.007836620620669569 0.014225547189556735
336 3360 0.03123125756520085 0 0 0.0007515768438713569 0.0007189254835054324 0.0008542546395393476 0.0012733154879717567 0.0022504315221680633 0.004027910446466885 0.007475009332981053 0.01368329465547538
337 3370 0.02843857969118499 0 0 0.0006689595529491579 0.0006411176070583121 0.0007769973605789588 0.0011540236118533001 0.0019827317189130196 0.0035550273939929065 0.006626289271449019 0.012232367936439151
338 3380 0.025375843000048436 0 0 0.000590094922033993 0.000571516568486074 0.0006764863275314512 0.000975562687329999 0.001732660491769188 0.0031397129297573495 0.005888436076797826 0.010889481575822278
339 3390 0.022752330360292245 0 0 0.000508443741070614 0.0005130091944131514 0.00061488522630127 0.0008694123564818357 0.001517159587541042 0.0026972081440268937 0.005050318957591316 0.009379859599132697
340 3400 0.02289386597264811 0 0 0.000537528691637514 0.0005256652981496212 0.0006109888259069587 0.0008254953563157351 0.001394011389715743 0.0025131867086850123 0.004726564233707047 0.008759276193243291
341 3410 0.02073859048642004 0 0 0.0004796556074691305 0.0004774512745224898 0.0005491551516146751 0.0007347186561172314 0.001228439803625825 0.002190599561447054 0.004094185392472887 0.007590543472283563
342 3420 0.01925357208471231 0 0 0.00045267678933481946 0.0004287003179905707 0.00046693678164060184 0.0006299712478767774 0.0010982577971920403 0.00198126485644008 0.0037077901100045704 0.006888860894883662
343 3430 0.018134250519668396 0 0 0.0004063900289078418 0.00039994644403693714 0.00043351758887250237 0.0005854827874808488 0.0010259239866084967 0.0018429561960459741 0.003479065409843983 0.006469163518497753
344 3440 0.017957543886049414 0 0 0.00039253421317417394 0.0003935890708908223 0.000432522105696642 0.0005694831301651614 0.0010094313418930558 0.0018159991746379085 0.0034434242485584217 0.00641259314621003
345 3450 0.017711478550646576 0 0 0.0003887991014085587 0.00038475168334230897 0.0004252253872671037 0.0005667739896579314 0.0010150724253925785 0.0018534225931188066 0.0034962528266640324 0.006515443130312729
346 3460 0.01803846735339449 0 0 0.0003837944077027847 0.00038169102186453425 0.000427102772288744 0.0005811197072247113 0.0010016217935994683 0.001863441567354909 0.0035330101187565012 0.006673104314056771
347 3470 0.01754988306537889 0 0 0.0003551596514538413 0.000359247477426341 0.00040372071618783326 0.0005724340762649443 0.0009825620695400024 0.0018408046327772606 0.0034856116040567872 0.006599076597630109
348 3480 0.01695906393560151 0 0 0.0003461311266052235 0.0003453258953150797 0.0003905236893917808 0.0005545507470360669 0.0009543183086581034 0.001769656879864451 0.0033517429137606817 0.006344999332094193
349 3490 0.01580230156388264 0 0 0.00031890039430215066 0.000321945528719911 0.0003586873941217544 0.0004902303327414246 0.0008325976746977438 0.001522595022950214 0.002862514266910766 0.005456922480675637
350 3500 0.013820630717718949 0 0 0.00027729515499319823 0.00028101724109012735 0.0003092026877120946 0.00041096278125976187 0.0006870621617917823 0.0013045351343979365 0.0024495812003540516 0.004678845924842584
351 3510 0.011940714173399408 0 0 0.00023614207120682392 0.00023163120085395916 0.00026139077956690345 0.00034550716178787595 0.0005861715795839359 0.001090945450439046 0.002046008596606631 0.00388379457697725
352 3520 0.011694223065581273 0 0 0.00022829163185520408 0.0002262658541348855 0.00025611089974281317 0.0003390267163495973 0.0005827811582456224 0.0010596837516787818 0.001981912618124418 0.003760590652197564
353 3530 0.01174837855726232 0 0 0.00023390647918493385 0.0002139329218057034 0.00026208991397570384 0.0003426226079142028 0.000584678684964116 0.0010635441979943636 0.0020043571026940295 0.0038145791836227162
354 3540 0.012196822913693428 0 0 0.0002399200152230022 0.00021869974513286322 0.00026830203791261944 0.00034828109758035204 0.0005979415795719263 0.0011186943768254842 0.002136205215707096 0.004120965322735582
355 3550 0.011192295753439899 0 0 0.0002140832116165039 0.00019819131821437742 0.00024357948375402561 0.00031506882284557705 0.0005508805469046477 0.0010505133586697947 0.001998725356433076 0.003855897820561706
356 3560 0.010222562208161267 0 0 0.00019199003117556878 0.00018174642765610968 0.00021443783854803016 0.0002727108103309389 0.00048472985072757794 0.0009444198514642115 0.0018001570507435915 0.0034711927609806306
357 3570 0.009443826126240057 0 0 0.00017808328396380678 0.00016180078417799227 0.0001908485034961158 0.0002465545169787842 0.00043206535018879986 0.0008507200386993801 0.0016267357881117966 0.0031445164582752537
358 3580 0.008779327954646364 0 0 0.00016063663191530722 0.00014583372710711095 0.00018490883320602535 0.0002305385175567354 0.0004071909574891919 0.0008076428792201375 0.001547183421329735 0.002995239960606526
359 3590 0.007731037629396129 0 0 0.00014444895888165657 0.0001289086251988231 0.00016161095633986035 0.00020137952904193045 0.0003572461518162147 0.0007154657743684878 0.0013597169314326942 0.0026311435035192075
360 3600 0.008277866121944316 0 0 0.0001596541075824226 0.0001384470026005768 0.00018962801979577017 0.0002329594477533096 0.00039119911305084387 0.0007806532261693382 0.0015042815107262808 0.0029263938968406267
361 3610 0.008741221980903682 0 0 0.00017151727757200286 0.00014456531595590408 0.0001948481470436634 0.00024318822253715003 0.00040564402929212546 0.0008099003393459716 0.0015733243770547876 0.0030705384888764426
362 3620 0.009384018701924518 0 0 0.00018558467475674175 0.000157706578690724 0.00019841905572541397 0.0002658599473449531 0.0004315951502612507 0.0008499547079987196 0.0016689908390083216 0.0032839155653802406
363 3630 0.009385157221900482 0 0 0.00017733532601447576 0.0001541386448404275 0.0002035614723946343 0.0002747804892175639 0.000445748083769215 0.0008916755353444321 0.001743118816986247 0.0034424344766733833
364 3640 0.01027767120668323 0 0 0.0001924632844209198 0.00016604223514185857 0.0002204761330352162 0.0003043294458695033 0.0005002346526491547 0.0009991321611805242 0.0019505962169079388 0.0038732498937959553
365 3650 0.010679415271717797 0 0 0.00019177533534552553 0.00017148848007564563 0.00023327916142232153 0.0003357244081515768 0.000548607842846582 0.0010955900281900634 0.002128133561414482 0.00421022904990509
366 3660 0.010657854371485621 0 0 0.00018706520049434634 0.0001691349683809305 0.00023705380355335123 0.0003432835627229263 0.0005681899780163377 0.0011448467356082255 0.0022368441248279253 0.004423943783575761
367 3670 0.010104557734495612 0 0 0.00017531271645683736 0.00015667808703153255 0.00021925004531248406 0.0003165529895731223 0.0005360262664622105 0.001068242320682441 0.00209451760376733 0.004142159760555827
368 3680 0.00935242580014598 0 0 0.0001611087246545895 0.0001443029051304282 0.00019895553944222134 0.00029333309033696605 0.0004940207802979496 0.0009987010700824857 0.0019590139049030426 0.003869954982604101
369 3690 0.008083900399640966 0 0 0.00013522988818105857 0.0001168769253114709 0.00016676069217371137 0.00024144404711437298 0.0004126963251169147 0.0008380534196290247 0.0016415087753129025 0.0032514258435847447
370 3700 0.007234516506314739 0 0 0.00011668483921418338 0.00010219935804326191 0.00014905565405263764 0.00021994046783293058 0.000383134249062668 0.0007753618335529751 0.0015197841992726918 0.0030042390642930185
371 3710 0.006925577782436194 0 0 0.00010911358454530762 9.258877950303833e-05 0.00014307021209808632 0.00020757535645152527 0.000366456941498811 0.0007357079351596541 0.0014440577000458526 0.0028566318014745825
372 3720 0.0063401373448728785 0 0 0.0001012724626557296 8.581417438502473e-05 0.00012677723252199204 0.00018827490321157454 0.00033073655398268827 0.0006727034475994814 0.0013197561005826443 0.002612720366699374
373 3730 0.005717291519273433 0 0 9.135474181791793e-05 7.747237886646036e-05 0.0001134642354614689 0.00017082853676751754 0.0002989467465469299 0.00060660137623739 0.0011897555372977723 0.00235505070972982
374 3740 0.005047948686872534 0 0 7.808733622187119e-05 6.870069044172718e-05 9.957504070302413e-05 0.00014787129879350819 0.00025746485741281084 0.0005266654174130922 0.0010402287466679148 0.0020611143919456753
375 3750 0.0048417103558961476 0 0 7.606520009970136e-05 6.619243827325736e-05 9.650425617770296e-05 0.00014176456191253444 0.00024457548026555304 0.0005022456862424613 0.0009933015155079638 0.0019704976886247
376 3760 0.004807068835562438 0 0 7.188743847819143e-05 6.64416232825255e-05 9.356924278247206e-05 0.0001388542094241687 0.00024231860604735135 0.0004960433982219304 0.000979415619670433 0.0019452986956509488
377 3770 0.004231167557872865 0 0 6.226141727158816e-05 5.760097048367538e-05 7.900651367804573e-05 0.00012077795702751198 0.0002089615358764666 0.0004313653540991108 0.0008539537285960468 0.001702661549908196
378 3780 0.0039763121252441025 0 0 5.796297674035071e-05 5.468212916182443e-05 7.225086453418703e-05 0.00011116086716107553 0.0001954243058573225 0.00040278935481717127 0.0007936825765715716 0.0015817107147519053
379 3790 0.003661481870234494 0 0 5.065446684077063e-05 5.043258057597864e-05 6.597148399710645e-05 0.00010052489556335842 0.00017752870488739947 0.00036269864173810623 0.0007153054182180966 0.0014244187712078194
380 3800 0.0033463857003759663 0 0 4.580674705364153e-05 4.5202841422702915e-05 5.975750138351713e-05 8.85605524845239e-05 0.00015752695372686553 0.00032222372468080734 0.0006386446926941431 0.001275361417586907
381 3810 0.002995338815401173 0 0 4.061975437658986e-05 4.0571726526188936e-05 5.233783060484708e-05 7.940636861991482e-05 0.00014053921975461 0.00028596832598831 0.000567158569552612 0.001130062258765122
382 3820 0.002836265018034401 0 0 3.7666067317148805e-05 3.925449406019386e-05 5.025612023373541e-05 7.76890243004017e-05 0.00013255131338559166 0.00027227569573096876 0.0005431583795492757 0.0010845756583358263
383 3830 0.002674201027788809 0 0 3.5790128085706966e-05 3.699776152326775e-05 4.674342493166253e-05 6.990706412417451e-05 0.00011610222141560224 0.00023538641041819 0.00046870370314536084 0.0009364001951134147
384 3840 0.002550059237637068 0 0 3.403727585744834e-05 3.387156667140306e-05 4.4633754724885e-05 6.711313681564018e-05 0.00011273438652705646 0.00022713858069974628 0.0004487281202745454 0.0008985972157511712
385 3850 0.002455659876411044 0 0 3.222149621666826e-05 3.174562481453313e-05 4.107683152689436e-05 6.053331752588104e-05 0.00010515770737497124 0.000215403946741647 0.00042297575960306287 0.0008469102411375392
386 3860 0.0020890299025380864 0 0 2.6550057309938335e-05 2.6467148979933085e-05 3.4057936767259686e-05 5.056753952322115e-05 8.840735116656825e-05 0.00018118347912183437 0.0003563712169763488 0.000715197191589033
387 3870 0.00205941066374604 0 0 2.537852776438882e-05 2.6276130522018534e-05 3.412333120431094e-05 5.0528441964041585e-05 8.70142675257703e-05 0.00017710789856405015 0.000347803127915617 0.0006984569050900353
388 3880 0.001947519832789621 0 0 2.3991413505905357e-05 2.494930555502344e-05 3.222842828311984e-05 4.547613626971421e-05 7.929392922848149e-05 0.00016356400910525756 0.00032518818297760525 0.0006551091759478446
389 3890 0.0016924861897985432 0 0 2.064645848836407e-05 2.1613548419637666e-05 2.7837532949157473e-05 3.962679119270927e-05 6.87072208028839e-05 0.00014059143177230988 0.00027805597823892143 0.0005595145670613013
390 3900 0.0014326910435926237 0 0 1.6699395303512926e-05 1.744402901455978e-05 2.2535763459102758e-05 3.242135271508918e-05 5.705952937203588e-05 0.0001171025548659522 0.00023185788138068832 0.00046656297459948777
391 3910 0.0013078797310623488 0 0 1.5106876617563894e-05 1.5990488182717173e-05 1.9649076938861292e-05 2.8842081999040908e-05 5.206998464160039e-05 0.00010668466873488969 0.0002114795242929592 0.00042607699088185547
392 3920 0.0012143006215185386 0 0 1.3951366331200027e-05 1.4827968901150858e-05 1.7693670087287173e-05 2.7245984516050082e-05 4.8482692695124426e-05 9.872750694615665e-05 0.00019600504606112179 0.00039514507129024916
393 3930 0.0011548297723835452 0 0 1.2761776465886896e-05 1.4404107457983492e-05 1.677507320216771e-05 2.6402476541241034e-05 4.605514891427034e-05 9.374013785375591e-05 0.00018594719522523845 0.00037448511692552187
394 3940 0.001116599686192632 0 0 1.1791257586963162e-05 1.3563821253317532e-05 1.5823410427018585e-05 2.490555095271602e-05 4.3762505938957124e-05 8.87078275388342e-05 0.00017528996317423787 0.0003522966453709836
395 3950 0.00098531822914948 0 0 1.0054773843486027e-05 1.1785687764193565e-05 1.3891578625086592e-05 2.1497587020599164e-05 3.8046872653601095e-05 7.721479935469117e-05 0.00015276450563030334 0.0003074821562357165
396 3960 0.0008927966244714709 0 0 9.166108574599388e-06 1.034157504919316e-05 1.230784250981096e-05 1.9500704535301067e-05 3.4398485060852777e-05 6.961002525132916e-05 0.00013790330561796058 0.0002781540675662968
397 3970 0.000844132101283272 0 0 8.505674821386683e-06 9.579374096349887e-06 1.1336128636736648e-05 1.83370062206556e-05 3.323005768167274e-05 6.718983176650326e-05 0.00013283406662758718 0.00026831482650074547
398 3980 0.0008162315932597172 0 0 8.065004150171241e-06 9.219017041301985e-06 1.0960491703332795e-05 1.763055942693707e-05 3.273008475866016e-05 6.605132180021173e-05 0.00013049055049897066 0.0002635227435679737
399 3990 0.0008009486353836113 0 0 8.208149208918558e-06 8.8219391822336e-06 1.0353266154690632e-05 1.631204315200514e-05 3.0788783871356074e-05 6.181689945441886e-05 0.00012287822784784108 0.00024891286918480996
400 4000 0.0007184773807038615 0 0 7.35701184435131e-06 7.616767105509834e-06 9.284472064989678e-06 1.4426481937604582e-05 2.769736433772422e-05 5.5422859069876656e-05 0.00011011805903997395 0.00022270983876799638
401 4010 0.0006744157657333731 0 0 6.799311935466716e-06 7.24015788058093e-06 8.71475497407507e-06 1.3344657382872602e-05 2.5343540300751525e-05 5.0811218120055524e-05 0.00010049050903900258 0.00020380899180181557
402 4020 0.0006209893424648123 0 0 5.958434202963011e-06 6.34961651140229e-06 7.836991440060564e-06 1.2245666988049739e-05 2.3059444096239946e-05 4.625398172868894e-05 9.141838572807547e-05 0.00018511476649286015
403 4030 0.0006088577680166459 0 0 5.646600868694735e-06 6.2557604992694194e-06 7.70229127677169e-06 1.2009879903517091e-05 2.233469355253352e-05 4.417239789131033e-05 8.721113362679668e-05 0.00017663681332601277
404 4040 0.0005416435258361203 0 0 4.87672104236696e-06 5.455069623677742e-06 6.872999430823653e-06 1.0676547050877866e-05 1.982185792377415e-05 3.911396608104986e-05 7.74863881378417e-05 0.0001571124002411215
405 4050 0.0004700311146604307 0 0 4.133512799174485e-06 4.740660344425754e-06 5.979980571930519e-06 9.226714962779458e-06 1.7121686781359905e-05 3.382433027602907e-05 6.67730255059141e-05 0.00013536709898072293
406 4060 0.0004195992129640772 0 0 3.6202716762819854e-06 4.303118456295068e-06 5.293601983758584e-06 8.25890973996823e-06 1.548342742619354e-05 3.071525852290264e-05 6.0620344391389436e-05 0.00012300746402813128
407 4070 0.00041988211319091855 0 0 3.453549103488192e-06 4.130186658742045e-06 5.461429986135487e-06 8.6841222452258e-06 1.636073528512264e-05 3.288760298940209e-05 6.488315290038027e-05 0.00013169271632262934
408 4080 0.0003837330796350973 0 0 3.1216652151964335e-06 3.871970916419494e-06 4.875740071536995e-06 7.552761500660573e-06 1.4418186303978451e-05 2.91172457975861e-05 5.7284722428932935e-05 0.00011618797031618641
409 4090 0.0003375382194781996 0 0 2.7587525920853527e-06 3.40718547654783e-06 4.321844908855526e-06 6.313503750705007e-06 1.1932947040253788e-05 2.4053827280609676e-05 4.7337719322756624e-05 9.585099499070216e-05
410 4100 0.0003131433822191604 0 0 2.5317523793013885e-06 3.3649810383093504e-06 3.940034135542887e-06 5.803019140083999e-06 1.0789054273973051e-05 2.1961753226483585e-05 4.347208763061221e-05 8.783605045981114e-05
411 4110 0.000294054175456538 0 0 2.4245799113674816e-06 3.1398010743860012e-06 3.7018372529570785e-06 5.468714360083305e-06 9.947760599422518e-06 2.0099538909828806e-05 3.961374250219789e-05 8.020134928605727e-05
412 4120 0.00028229637910109033 0 0 2.3724212255666805e-06 2.972196345873289e-06 3.531370285481174e-06 5.283791231560351e-06 9.655016576785304e-06 1.9330072396577485e-05 3.818795593082242e-05 7.723674774235176e-05
413 4130 0.0002645726117497152 0 0 2.2174816484682642e-06 2.7447713685555955e-06 3.25330545492695e-06 4.932176408255954e-06 8.876585034975384e-06 1.7602414131831023e-05 3.492146229963566e-05 7.062031587272144e-05
414 4140 0.0002505607746227461 0 0 2.0995431676389347e-06 2.469627503081486e-06 2.9252634507896163e-06 4.604250084703076e-06 8.257125971072526e-06 1.644498938260596e-05 3.2657265793972724e-05 6.61350784352094e-05
415 4150 0.00023896254938308428 0 0 1.993876398546022e-06 2.2768573883571326e-06 2.691192998262983e-06 4.242962874301324e-06 7.626565739273789e-06 1.514078448368187e-05 2.9919162078908684e-05 6.045868415453253e-05
416 4160 0.0001988708221583771 0 0 1.637460891743348e-06 1.8643161602450761e-06 2.0923348353362985e-06 3.5064774441736106e-06 6.45112950790166e-06 1.2689265819393918e-05 2.493983815817329e-05 5.0403584901266545e-05
417 4170 0.0001852742543825329 0 0 1.5155488546631155e-06 1.7405787048057267e-06 1.94894059690283e-06 3.2112592909389784e-06 5.7607578502194046e-06 1.1266036303578023e-05 2.2171975606287714e-05 4.466475873464092e-05
418 4180 0.00017654129471392075 0 0 1.4510098545430234e-06 1.6477872273604312e-06 1.8560628801411616e-06 3.018422749358667e-06 5.480496428615068e-06 1.072309701565028e-05 2.1122742856691998e-05 4.266716923516536e-05
419 4190 0.00015909977319919925 0 0 1.277411620426195e-06 1.482912193483917e-06 1.6962152606665472e-06 2.722106192789046e-06 4.87656207449252e-06 9.553719121156059e-06 1.8901607533208312e-05 3.8122531680404034e-05
420 4200 0.00013339360602927 0 0 1.0469294214218825e-06 1.1837924255824215e-06 1.3589154123494113e-06 2.200390553062014e-06 3.930083044343255e-06 7.733916607860499e-06 1.5283266267340085e-05 3.081296065536127e-05
421 4210 0.00012193420978891721 0 0 9.303427566334665e-07 1.0497980456832334e-06 1.2085128014644204e-06 1.9576347164572587e-06 3.5647085786590534e-06 7.076372944304784e-06 1.4021249018274314e-05 2.8274682812784132e-05
422 4220 0.00012283295842121603 0 0 9.429817399758342e-07 1.0551850295510708e-06 1.251604975587093e-06 2.0150770951631606e-06 3.6201660403187717e-06 7.2344441475834675e-06 1.4309542022819819e-05 2.8845324826500047e-05
423 4230 0.00011346506456354837 0 0 8.453824748447248e-07 9.553288795573388e-07 1.152014329400836e-06 1.8082648904824634e-06 3.2661153722148184e-06 6.475142367067099e-06 1.2777131292232514e-05 2.568485241124989e-05
424 4240 0.00010438087195550337 0 0 7.556105419363647e-07 8.668066522985931e-07 1.0484941688203228e-06 1.6797020160111445e-06 3.0139603278634714e-06 5.948273565900415e-06 1.1742100446290905e-05 2.3552596532546458e-05
425 4250 0.0001005490055409166 0 0 7.198872328291232e-07 8.118009118663294e-07 9.76693300403052e-07 1.5575475519138153e-06 2.708208274438652e-06 5.2641840376647175e-06 1.0371382985051583e-05 2.0796722822930147e-05
426 4260 0.0001021449061883859 0 0 7.319016545025073e-07 7.88150509165473e-07 9.711367729639996e-07 1.536210201215671e-06 2.642596845114199e-06 5.1065783159384555e-06 1.0001900346802141e-05 2.00523807578541e-05
427 4270 8.751099253349872e-05 0 0 5.996942481195331e-07 6.740405159466107e-07 8.139957099716505e-07 1.2849970448103478e-06 2.182274752816688e-06 4.261700288148619e-06 8.335061180429782e-06 1.671328098803816e-05
428 4280 8.055063282159715e-05 0 0 5.408565231973164e-07 5.976453872185666e-07 7.41473948681986e-07 1.1712670712046874e-06 1.9466797981021968e-06 3.810048030600045e-06 7.443630668448349e-06 1.4897132930923142e-05
429 4290 6.987153373693645e-05 0 0 4.6188723974286495e-07 5.09640817037375e-07 6.269379515464217e-07 9.581410380449986e-07 1.6550407800358402e-06 3.244928227768282e-06 6.3440300740222424e-06 1.27291331647301e-05
430 4300 6.47724055963648e-05 0 0 4.435854891233853e-07 4.651884374208563e-07 5.710148325271634e-07 8.808319062273198e-07 1.4818084933761486e-06 2.92365031803854e-06 5.718335831538644e-06 1.148447672941166e-05
431 4310 5.7932982502617865e-05 0 0 3.9451804655658945e-07 4.137620590894964e-07 4.845073380145441e-07 7.639604217305548e-07 1.2749673591331633e-06 2.52845613663695e-06 4.946190760501578e-06 9.939553083200174e-06
432 4320 5.343198280498152e-05 0 0 3.6358859762244865e-07 3.6562259916219423e-07 4.4274265128913357e-07 7.154393778769371e-07 1.1985389971898846e-06 2.370796105621791e-06 4.63008297648148e-06 9.327382731973805e-06
433 4330 4.676642269642025e-05 0 0 3.087266164777874e-07 3.1316406350671666e-07 3.7068468291144125e-07 5.992921793648956e-07 1.0392694032793483e-06 2.047335939995329e-06 3.996975596093624e-06 8.043747859728844e-06
434 4340 4.506667933867282e-05 0 0 2.880724979436446e-07 2.959035044832203e-07 3.439716436708729e-07 5.313071636579777e-07 9.429559988239573e-07 1.870442764742925e-06 3.655585300185438e-06 7.384060416067415e-06
435 4350 4.238990950491582e-05 0 0 2.630550430071071e-07 2.7446987785077125e-07 3.0915585816342093e-07 4.821175532194065e-07 8.8874861261831e-07 1.773338634720185e-06 3.4771535711994434e-06 7.021953473124939e-06
436 4360 3.897459344136274e-05 0 0 2.4241807141071777e-07 2.5297543939172516e-07 2.805307383094111e-07 4.4107312051530065e-07 8.237787582353189e-07 1.6445022651128226e-06 3.210421158405686e-06 6.463480371098355e-06
437 4370 3.86381636494619e-05 0 0 2.2877657585295014e-07 2.558071970958118e-07 2.70914081790032e-07 4.475117646264336e-07 8.307592114870433e-07 1.666625384577787e-06 3.2728186061530383e-06 6.61656858283641e-06
438 4380 3.5203167635336244e-05 0 0 2.0518986609480447e-07 2.2444778332195718e-07 2.4636590575111946e-07 3.997608199369876e-07 7.302900401923973e-07 1.4413247829726015e-06 2.8287650506480395e-06 5.7306029117838315e-06
439 4390 3.3464620046414545e-05 0 0 1.9620790262441145e-07 2.1658724869629103e-07 2.392464527443889e-07 3.956946238180796e-07 7.194186614401971e-07 1.4249709187023526e-06 2.801810813382369e-06 5.692197921562024e-06
440 4400 3.436495706465771e-05 0 0 1.9935696644529947e-07 2.1922180106739203e-07 2.6591290960237605e-07 4.2063202979067204e-07 7.576637803369e-07 1.519061496729597e-06 2.9635646882780344e-06 6.004226035564028e-06
441 4410 3.2936739856336946e-05 0 0 1.9159121757770279e-07 2.106888840799952e-07 2.5852212961240705e-07 4.036893672890854e-07 7.120945837899285e-07 1.4241670067565014e-06 2.7758781551846384e-06 5.611292143308764e-06
442 4420 3.1963034647869506e-05 0 0 1.8904035249289444e-07 1.9705954838415405e-07 2.408669803060125e-07 3.6426884692813547e-07 6.47001233326348e-07 1.2918458824477082e-06 2.5384288843931917e-06 5.125832013449192e-06
443 4430 2.746160437986417e-05 0 0 1.540180003026689e-07 1.6546235551928604e-07 1.9911461215172384e-07 3.0325844613668476e-07 5.448453291094044e-07 1.079871738134471e-06 2.1157676900003833e-06 4.27591471534021e-06
444 4440 2.70883387219903e-05 0 0 1.508608104928547e-07 1.6243698816130546e-07 1.9340418631916494e-07 3.0109877209403046e-07 5.419632038678212e-07 1.0731518191103578e-06 2.0972174634163785e-06 4.219919847545134e-06
445 4450 2.5101000638640652e-05 0 0 1.4347364572091222e-07 1.5065657934279313e-07 1.8039910618534197e-07 2.788212557481267e-07 4.911838883316101e-07 9.715574819718146e-07 1.9049311004500355e-06 3.826761509872874e-06
446 4460 2.3588375004807567e-05 0 0 1.3428328022758142e-07 1.3338863451747059e-07 1.630528065995118e-07 2.5639725189324185e-07 4.523301227877687e-07 8.91272554733894e-07 1.753118882276224e-06 3.5417507848517584e-06
447 4470 2.2758621783655926e-05 0 0 1.3107337219934926e-07 1.2764828128281654e-07 1.5403428810358006e-07 2.4441061574851906e-07 4.295073661953717e-07 8.535775916214781e-07 1.6839652392672411e-06 3.402177462798416e-06
448 4480 2.2079233020097436e-05 0 0 1.246740931532361e-07 1.2140050979678738e-07 1.4284669374845777e-07 2.2594767975073902e-07 3.9765012990975813e-07 7.851463752514121e-07 1.5573785276371494e-06 3.144629028037645e-06
449 4490 1.9533469228341065e-05 0 0 1.0907873086029197e-07 1.0607996821546351e-07 1.2316940841192775e-07 1.9814788066887709e-07 3.5144963194150997e-07 6.958341494238514e-07 1.3796031456816711e-06 2.788644601419123e-06
450 4500 1.8227489561680085e-05 0 0 9.614685010605983e-08 9.750812336214315e-08 1.1151817282277514e-07 1.8261855378213127e-07 3.220437950859835e-07 6.343404186825743e-07 1.2670440881192637e-06 2.5649826856563313e-06
451 4510 1.7793773440928244e-05 0 0 8.683021282378376e-08 9.255794318932619e-08 1.0688480105623518e-07 1.7637595984067589e-07 3.107083948025656e-07 6.102499531127094e-07 1.2204455918992331e-06 2.46310724989103e-06
452 4520 1.485405557347215e-05 0 0 7.059293857229731e-08 7.542577957339587e-08 8.913921715357244e-08 1.4751386434504408e-07 2.542871550486558e-07 5.021071859878189e-07 1.0098641855864425e-06 2.036786233745621e-06
453 4530 1.4073167507867002e-05 0 0 6.326192407763477e-08 7.096293943970014e-08 8.753228434265261e-08 1.393616287425976e-07 2.4539475921108676e-07 4.825636487782687e-07 9.674528929885885e-07 1.944650743818728e-06
454 4540 1.3749555124926855e-05 0 0 6.311183353468227e-08 6.816188002450735e-08 8.413351221209932e-08 1.371906975006476e-07 2.482491760317262e-07 4.853229110826322e-07 9.70783489294329e-07 1.948211827196891e-06
455 4550 1.3943410536331476e-05 0 0 6.56951907874543e-08 6.43758138508265e-08 8.174897065800776e-08 1.2983363015546096e-07 2.39096076111303e-07 4.656317822604228e-07 9.294137404411909e-07 1.8626808099352003e-06
456 4560 1.3108835953485934e-05 0 0 6.40609049636335e-08 5.867366112504211e-08 7.595892095531937e-08 1.2290152208885287e-07 2.2306597950205146e-07 4.330038444474669e-07 8.619422925496479e-07 1.7255092058163126e-06
457 4570 1.2036718835239838e-05 0 0 5.6096151723060107e-08 5.352503878059627e-08 6.929800195850445e-08 1.1097316273129806e-07 1.9944485304253235e-07 3.8886141399002004e-07 7.765134321395456e-07 1.556085732388195e-06
458 4580 1.1432713978315482e-05 0 0 5.1612097269877085e-08 5.1087199519813347e-08 6.537129212192969e-08 1.0429339286366036e-07 1.9027551262052501e-07 3.7031234114013917e-07 7.410511643187774e-07 1.482476133618678e-06
459 4590 9.760421134609795e-06 0 0 4.457192762033186e-08 4.2617366421297606e-08 5.5896830906195717e-08 8.712741625999581e-08 1.5660259698865514e-07 3.049050850954325e-07 6.134249171676552e-07 1.2251462837772453e-06
460 4600 9.535648768086519e-06 0 0 4.255055390893349e-08 4.1350161812989043e-08 5.4287461638527337e-08 9.086738979662777e-08 1.585154407786318e-07 3.05603381783955e-07 6.161105687108864e-07 1.2308595305767959e-06
461 4610 9.104397183278296e-06 0 0 4.046904876243111e-08 3.9050200621248354e-08 5.2532325242470584e-08 8.578615707714882e-08 1.5091145136608387e-07 2.9100569145299793e-07 5.872198638080931e-07 1.1743953694939532e-06
462 4620 8.294928326622561e-06 0 0 3.5827646996320024e-08 3.508164979648509e-08 4.649843501103186e-08 7.807474102719488e-08 1.3584466186260745e-07 2.6307752874676063e-07 5.302108191128466e-07 1.059139774681779e-06
463 4630 7.631166989883468e-06 0 0 3.2351433011374844e-08 3.2138407226907355e-08 4.213354821684457e-08 6.938410604777571e-08 1.213934771237652e-07 2.3689089176262442e-07 4.7631277694241586e-07 9.482335265219517e-07
464 4640 7.13933607688096e-06 0 0 3.033340691444534e-08 2.98080278920699e-08 3.78179453786522e-08 6.222898337271911e-08 1.1040077345516417e-07 2.119046849834566e-07 4.299477787714553e-07 8.569947877395839e-07
465 4650 7.302060620123442e-06 0 0 3.083280369572331e-08 3.047736087411655e-08 3.850391823033468e-08 6.142303160783606e-08 1.0702848214459579e-07 2.04977850031471e-07 4.1589439850772914e-07 8.276973146457071e-07
466 4660 6.6894010587844805e-06 0 0 2.8264588553129898e-08 2.6439836165830014e-08 3.382196364471221e-08 5.503140850448432e-08 9.32549774331555e-08 1.799315159511256e-07 3.673314538060764e-07 7.315842565669832e-07
467 4670 6.259426683387324e-06 0 0 2.6076770951940054e-08 2.4275947923967936e-08 3.094565915888106e-08 5.0850808660038964e-08 8.64199146673982e-08 1.655181336566116e-07 3.356510619409689e-07 6.692129805392716e-07
468 4680 5.493026679562794e-06 0 0 2.2657866075352587e-08 2.1274223358847858e-08 2.561164355438384e-08 4.294964031841494e-08 7.496908594459744e-08 1.4256236205342413e-07 2.8761657029025133e-07 5.739098095957634e-07
469 4690 4.856365424174985e-06 0 0 1.9366303096546966e-08 1.79651153264753e-08 2.1943249355353985e-08 3.776769062583827e-08 6.61241935441093e-08 1.2555806422107048e-07 2.517986285394976e-07 5.033974063085886e-07
470 4700 4.242402140816943e-06 0 0 1.5978934591193034e-08 1.4773967406030661e-08 1.854912548969803e-08 3.2510176397946635e-08 5.671054957427818e-08 1.0734541565644479e-07 2.147760747857522e-07 4.2802656827732467e-07
471 4710 4.0563211418300745e-06 0 0 1.4478206948299085e-08 1.4149672927420904e-08 1.789662012186717e-08 3.062989753499502e-08 5.422635808580866e-08 1.0292880927239545e-07 2.060603743895142e-07 4.1041152325138e-07
472 4720 3.9225183996528435e-06 0 0 1.414328171507198e-08 1.3543029336196433e-08 1.678333104004578e-08 2.9665780402825145e-08 5.281585049296346e-08 1.0005789523387441e-07 2.002512089757888e-07 3.9800106958402806e-07
473 4730 3.549452647069165e-06 0 0 1.2376272487271381e-08 1.214045559962585e-08 1.4756224047728762e-08 2.5079844150408233e-08 4.53366920974511e-08 8.623275376183023e-08 1.7338591842655908e-07 3.4532693315457094e-07
474 4740 3.175933491502301e-06 0 0 1.1145840211094378e-08 1.0836140125609112e-08 1.3335421840605466e-08 2.233356714934182e-08 4.003725382160705e-08 7.675380283011386e-08 1.5460288811871965e-07 3.0782074547584237e-07
475 4750 2.9176305456744034e-06 0 0 1.0060443602839795e-08 9.514341121800745e-09 1.1990081584215402e-08 2.043465386210354e-08 3.691812328886925e-08 7.09334453490447e-08 1.4283968602799436e-07 2.8417279666866397e-07
476 4760 2.808478441692731e-06 0 0 9.756796177676856e-09 9.003003562028058e-09 1.1013093904583379e-08 1.8963110314039634e-08 3.3819943012977993e-08 6.569462019049057e-08 1.339170001634231e-07 2.666350606324174e-07
477 4770 2.493723629510801e-06 0 0 8.527051273348974e-09 7.985952806073183e-09 9.95628251374183e-09 1.6589814980488423e-08 2.9535205830727138e-08 5.71211206804235e-08 1.1726204355071052e-07 2.3400917761655102e-07
478 4780 2.2395828175664325e-06 0 0 7.075005151960844e-09 6.969970874786904e-09 8.696847609292039e-09 1.4420675257119944e-08 2.578713587772066e-08 4.984340311570628e-08 1.0223237167550322e-07 2.0435677082975596e-07
479 4790 2.082276335274742e-06 0 0 6.545806416602284e-09 6.27099391906052e-09 8.013073538356738e-09 1.3218514519759032e-08 2.363143104814862e-08 4.550272468249504e-08 9.348767367219046e-08 1.8678881556065866e-07
480 4800 1.9304232350523685e-06 0 0 6.074671025643855e-09 5.781199629024515e-09 7.38884750174119e-09 1.1969987784820245e-08 2.149447013038102e-08 4.125479759664751e-08 8.415567907384625e-08 1.6815416042714803e-07
481 4810 1.7001526633436607e-06 0 0 5.22219989880552e-09 5.0099709723256855e-09 6.543991167174796e-09 1.07678370272846e-08 1.9086490677223485e-08 3.636231567404033e-08 7.417085244013244e-08 1.479864060857784e-07
482 4820 1.5582516276111156e-06 0 0 4.656977132087555e-09 4.541980025315777e-09 6.00564773038966e-09 9.820561482439275e-09 1.753365808518961e-08 3.330618685471041e-08 6.818719560886428e-08 1.3600970700312238e-07
483 4830 1.4809165464936675e-06 0 0 4.365709238543858e-09 4.295515213959129e-09 5.542868758809808e-09 9.333243034134369e-09 1.679839589577172e-08 3.186233707677119e-08 6.523110505405402e-08 1.2994684273151457e-07
484 4840 1.2914537390770504e-06 0 0 3.787468783803001e-09 3.763611735963787e-09 4.853774547972557e-09 7.502892873323604e-09 1.3378705940109262e-08 2.5741966790149995e-08 5.2481574348317255e-08 1.0402212105134026e-07
485 4850 1.205111086642916e-06 0 0 3.4175480204272834e-09 3.4918617237226757e-09 4.280240486564303e-09 7.0435781045742505e-09 1.2563482975143037e-08 2.4328091559400408e-08 4.990626112996548e-08 9.887727178155918e-08
486 4860 1.0684608585212678e-06 0 0 2.985043238615872e-09 3.109331368359277e-09 3.740648513791248e-09 6.0771525935168655e-09 1.0784700244393313e-08 2.083127916776012e-08 4.259703516865892e-08 8.44363879509974e-08
487 4870 8.969919713384225e-07 0 0 2.4572982743638977e-09 2.420714687661063e-09 3.143726096197176e-09 4.967325813784263e-09 9.006794136725763e-09 1.735347452239242e-08 3.5312063785263654e-08 7.00547558789537e-08
488 4880 7.602192546349809e-07 0 0 2.0376967286739714e-09 1.9818039593964636e-09 2.6632029333413523e-09 4.137441359594807e-09 7.427674547725466e-09 1.4204443011411529e-08 2.9023400287596567e-08 5.771697371553778e-08
