% # columns="iteration, evaluation, void, void, void, xmean", seed=924498, Tue Jul 26 18:08:17 2022, <python>{}</python> # scaling_of_variables: 1, typical_x: 0
1 10 0 0 0 0.05127176472488247 -0.15357741571790484 -0.016375154127294466 0.3704829744959368 0.18629285749998142 0.35607485113695697 -0.009589252264142149 0.18781709082686077
2 20 0 0 0 -0.0045366371084384835 -0.19654791706610863 -0.06341146784834857 0.21102184557641204 0.22789656021622343 0.043327446858069774 0.00022989046540479278 -0.04952403207003214
3 30 0 0 0 -0.1594229745314527 -0.23591968503908242 0.020514582853660215 0.250825999653603 0.29002074598160893 0.14583059192374212 -0.015964828262293472 -0.19303522495702718
4 40 0 0 0 -0.20029644565975016 -0.002326903818749615 -0.06346194582591931 0.2109668014346524 0.11567418156062143 0.13804678688322072 -0.12960102316327798 -0.31526249125816613
5 50 0 0 0 -0.20511321181736775 0.04392790026251338 -0.04814984329456695 -0.04201456003785403 -0.02084727251202878 0.014281424843530649 -0.1421341051324251 -0.39505329010532986
6 60 0 0 0 -0.1691199439040901 -0.04376155754684259 -0.07266687076845323 -0.002885065436446191 -0.09025295688967236 0.04980304673455743 -0.05673319471464629 -0.15031885815700857
7 70 0 0 0 -0.06081087130867277 0.07938489887731903 -0.006045406657324837 0.10877610105085683 -0.031642538239615846 0.16812567600165979 0.010402043713606798 -0.12637340011658216
8 80 0 0 0 -0.13484937766150892 0.14108163193869966 0.07605008309593858 0.09494096345004074 0.020705265581510666 0.09555676820493071 -0.08216531652978987 -0.02545754174592632
9 90 0 0 0 -0.11411244078998697 0.14228549905786528 0.07682072131648245 -0.01019168631049884 -0.015791143966965022 0.18601206113129432 -0.06890548251818274 -0.00960058074811141
10 100 0 0 0 -0.16720933633561938 0.19899718630436788 0.11632947186434113 0.002973007633423022 0.012047665575755727 0.1334296521558779 -0.017597703075350676 -0.0745067841106998
11 110 0 0 0 -0.2772827861223285 0.22756960865942033 0.1609490692764786 0.021422313945657356 -0.0003348767164731564 0.10486359248307987 0.008102157152490089 -0.03461401004404729
12 120 0 0 0 -0.32773973700426545 0.2670556578780129 0.10465029550541868 0.0933922143197641 0.04402462439145612 0.06076335242288899 0.09603849973741824 0.029009799905529855
13 130 0 0 0 -0.3547885003750867 0.21029652875270927 0.08878545064381903 0.09042833123157887 -0.01882248717697236 0.1099963904701358 0.06736139281663599 -0.007706295916449085
14 140 0 0 0 -0.4061091579293896 0.20768693859356738 0.08303341131574027 0.07437094252538556 0.051721833686266865 0.06636592998548062 -0.033412170284944906 0.005488356861255882
15 150 0 0 0 -0.4027144181241156 0.19402127222971954 0.09952504749755017 -0.00035417125789682924 0.012891721721242942 0.10738229079990211 0.001844344034480229 0.00039444683904331715
16 160 0 0 0 -0.3921730502210103 0.17931673538502468 0.07943302536020017 0.004419205571214125 -0.020694157507247297 0.11221556797224602 0.022141889040183278 0.003165956232551862
17 170 0 0 0 -0.34650444749079856 0.18961558438792786 0.07601683145155608 -0.004003938141387085 0.012521613742058735 0.07552830386215117 0.04631247053344043 -0.005344472197099551
18 180 0 0 0 -0.3796011734457746 0.19827578560986653 0.0866350968862615 0.04830822788363874 0.01210055155843632 0.06325160258069101 0.022301143311228667 -0.008637401699256576
19 190 0 0 0 -0.4214616230926635 0.18238495931728285 0.09372379987597286 0.06025183778425058 0.025971184655432265 0.025907406227946725 0.034405887455723094 -0.013835690675424138
20 200 0 0 0 -0.4354246534130942 0.19454037315023245 0.08181047901732312 0.05963834046779831 0.0023838134545896596 0.015918308043169505 0.05200010482478414 -0.031860740758060356
21 210 0 0 0 -0.41776365541533456 0.2294294513138934 0.08751720498554731 0.012253337965926328 -0.005809830586790039 0.031525832085897335 0.02953669631992112 -0.012518513808070612
22 220 0 0 0 -0.45294777031645833 0.23865389704796536 0.05517766439420716 0.03718970866430242 -0.0001274837243810242 0.004432391795285991 0.010795562878749686 -0.018502892688911993
23 230 0 0 0 -0.44084051744723096 0.21685550842218282 0.05763046582807287 0.026532079324063484 0.006349459506201343 0.00965986393041073 0.0028518227305921566 -0.023228648797189846
24 240 0 0 0 -0.41709691858867953 0.20336900642834374 0.0653403886898765 0.02599369648624779 -3.3653029607655545e-05 0.0007996733445822697 0.00602125959783629 -0.018077587643947558
25 250 0 0 0 -0.42312366102948445 0.20545486237886743 0.058986516581800236 0.031669690454666395 -0.007832045589352743 0.00839185187075739 0.006840622951515189 -0.013512930722598451
26 260 0 0 0 -0.433386197027909 0.20541601813123794 0.05517886792217277 0.010533153430165986 -0.013435909798600794 0.0013681562655980554 0.00518799244687906 -0.001651402179452692
27 270 0 0 0 -0.4157204187856913 0.20004906929247993 0.06924541441620687 0.011698483070140736 -0.008742467880570511 -0.005699329685292483 0.0031064268233995094 0.008009600597322752
28 280 0 0 0 -0.4154801251047479 0.18774490884008876 0.06787795923658321 0.02325962987225209 -0.00571835188081481 0.0008417581682580479 0.020250239463614744 0.006930860968251488
29 290 0 0 0 -0.4154956996176188 0.18370876006288364 0.06463608734499408 0.022523914443181456 -0.006857245634884225 0.0015425799568044257 0.013714370332874563 0.0029332378977676094
30 300 0 0 0 -0.41786759506823706 0.1837084449965196 0.06047792757229795 0.018828263508427503 -0.00867591540943848 0.010464269928480421 0.0069960247460879015 -0.003348139584472197
31 310 0 0 0 -0.4098855109789312 0.17732168314758923 0.056748491258062805 0.020474599213352266 -0.0007106455563257053 0.02035341789148161 0.009021172908319493 -0.0102321052970472
32 320 0 0 0 -0.41652229670360125 0.19230963083917468 0.050657271222403266 0.007533616662220617 -0.004918759979163219 0.012094927726101415 0.00805141862900421 -0.003535671559174192
33 330 0 0 0 -0.41273599043807585 0.17751951298327384 0.05218561087990365 0.009735421292068919 0.0030161152190984492 0.017728087092798942 0.006873599633780149 -0.006590314620443913
34 340 0 0 0 -0.4067438073844208 0.17242533237964625 0.047135225122483054 0.01148418489599571 0.012136067727621594 0.02035850430392905 0.011702007716802269 -0.007940363348219426
35 350 0 0 0 -0.3971750141355148 0.17064458596254814 0.040165420630016824 4.6060112887623406e-05 0.002672623184267085 0.014618928363237317 0.013900663793070292 -0.0018052382042828014
36 360 0 0 0 -0.39297076042668666 0.16756020251052123 0.044140397366366484 0.008152583697690032 0.001407217662285396 0.020186384354464553 0.014455440535725821 0.007092714054918381
37 370 0 0 0 -0.39190465636162375 0.16624549858414908 0.04450043104231923 0.009165117855346704 0.01182646185065494 0.018772782992584176 0.010649261298988657 -0.0003753050833952632
38 380 0 0 0 -0.40097774359666144 0.17269638793224082 0.04357527417315404 0.01154526929991236 0.012619406395803608 0.007128894768304854 0.016112584126604056 0.001430548051192502
39 390 0 0 0 -0.39611012216510444 0.1738971872182441 0.04553520001310504 0.010844654328305694 0.012549205302106852 0.008845027970512473 0.016074035826115534 -0.0016837827990081762
40 400 0 0 0 -0.394129431483982 0.16903004394234722 0.04090556781827613 0.008536778306557875 0.013877062829063242 0.011119177225877954 0.018039132102070962 0.0024470460427732576
41 410 0 0 0 -0.3921559349845816 0.16994912847796526 0.039544234250656785 0.009519310903924763 0.013609708208240354 0.009762027562822583 0.01688588921562559 -8.274673670531857e-05
42 420 0 0 0 -0.3857636065104464 0.16496912085841867 0.0384341008098271 0.008379874228848554 0.013276379871811286 0.008191682475027566 0.0156560929650283 -1.1261857864849293e-05
43 430 0 0 0 -0.38423469152250556 0.161384023406069 0.0400601660570444 0.007960503825373251 0.012646242690159489 0.011431473170860802 0.013608716255474352 0.0011407281607884532
44 440 0 0 0 -0.3813662501155459 0.16212849681198713 0.04056147897936036 0.009400080442543446 0.011141369564243907 0.008914043472897138 0.01081290885049666 -0.0008613233531393164
45 450 0 0 0 -0.37686037518447896 0.16050154793006313 0.04029239648215427 0.010231314780602517 0.011271612457244309 0.00921132417482506 0.01142029853731983 -0.001232208431897853
46 460 0 0 0 -0.37235807268039517 0.15694721780461832 0.03838340731708549 0.013486377411496202 0.010047954327825235 0.005941489479229792 0.014352095317859494 -0.00047165651698526036
47 470 0 0 0 -0.37341114845389634 0.15364481882548098 0.03549214423233504 0.012567347053975051 0.007532123183702327 0.008862000539058165 0.012409486494481505 -0.001208165165390128
48 480 0 0 0 -0.3667631179349372 0.15205751339514975 0.03350240524077033 0.012078328997868093 0.0030755978811082907 0.007845584786646185 0.013437983616747154 0.00022200641602716916
49 490 0 0 0 -0.36441173148666967 0.14534890425479477 0.031987805754589614 0.011032057525767408 0.007353217507899055 0.0109538962742433 0.010889650412863335 -6.032637851780909e-05
50 500 0 0 0 -0.35608701804477094 0.13956692504164647 0.030320651440138763 0.010573709298037508 0.007557552882008425 0.007789316170560859 0.010571411913210184 -0.0007083389691454673
51 510 0 0 0 -0.3566910452406957 0.13541761441396655 0.030921734578196948 0.01092894820616742 0.00700099095944751 0.0073410090188935255 0.010302513889645433 -0.002687732672095845
52 520 0 0 0 -0.3482298299973397 0.12773396307095716 0.031053825360484035 0.009709210223310645 0.007471739000749802 0.0024144694970130364 0.013231820498458625 -0.0028597675028899975
53 530 0 0 0 -0.3465339123001094 0.13426079597522297 0.033997848762621394 0.010686851294806586 0.008182897774228195 0.002574677080806644 0.013772814398721115 -0.0016538985000562538
54 540 0 0 0 -0.3454196464989862 0.1328868742143375 0.03674752174443295 0.01069259394912329 0.007229039477315789 0.004734084571022865 0.012550051041623681 -0.0011554621143239246
55 550 0 0 0 -0.33558111933540163 0.12867373803061613 0.033949436067369484 0.00832514686243294 0.0053728167785134055 0.002928263377644566 0.011672715497229348 0.0010986244821059676
56 560 0 0 0 -0.32033751153688494 0.11525351847786702 0.029216830012198235 0.009407985292995653 0.006544633262097412 0.003193811128075863 0.0051726977533760165 0.0031472333139335035
57 570 0 0 0 -0.3180837017142063 0.11150666756241207 0.02781973702647177 0.007983209818852081 0.004631847667235412 0.0029814141863279122 0.006219244242868495 0.004896669258554207
58 580 0 0 0 -0.3136319708844705 0.10805797190994781 0.0250205220075504 0.01136926708026578 0.0041493134030921395 0.0009084389568564822 0.006312243753367451 3.665099509220487e-05
59 590 0 0 0 -0.30154581694745025 0.09852542620539623 0.022915246753322502 0.011394783631093676 0.00714420933440599 0.0006584454477728271 0.005329043935822969 -0.004293477691063117
60 600 0 0 0 -0.3063807828392257 0.10100109729936357 0.026334835288816555 0.010359539381813604 0.004777280030465745 0.005204076527608096 0.0067997788344470915 0.0009062957112926122
61 610 0 0 0 -0.3002343917012376 0.09866895933161904 0.025013376503507677 0.008927731081579897 0.005285300968015272 0.0006203011089920413 0.005669693892512535 -0.0016018289078795983
62 620 0 0 0 -0.2896140040320506 0.09463131956510826 0.02123835695647369 0.008793123805595349 0.0058619556721264425 -0.0003633444408360142 0.008927133752942538 -0.0012447636449410486
63 630 0 0 0 -0.26743902377389495 0.08022030390046062 0.018532853525326957 0.011560138142152048 0.007064256905505661 -0.001743831450431289 0.009294659236019532 0.00032705272734553687
64 640 0 0 0 -0.2548890052117775 0.07739795759500204 0.01760855523052316 0.012304021357645868 0.007249641033746271 0.0035702691392073167 0.012946422089854635 0.0027571528115108435
65 650 0 0 0 -0.2501870661869569 0.07167122522291774 0.01823426497013111 0.007974235765019618 0.008008831699401656 0.005565090403021564 0.014068755753858192 -0.002923108482951891
66 660 0 0 0 -0.2219198463665955 0.05055412610370658 0.015374504162816771 0.007182958496685768 0.002489593854980633 0.009041778685108947 0.008799316464021434 -0.005332197472929268
67 670 0 0 0 -0.19657419511378857 0.04387683508913833 0.011398266415213193 0.007262275892170121 0.001382886482145983 0.011493001621236005 0.006237595778823391 -0.0087912360435568
68 680 0 0 0 -0.1885962148513077 0.04381924083596899 0.016446169153318806 0.013545496850141897 0.007617043505346785 0.006643362204048604 0.0027177699511305594 -0.006892652810987103
69 690 0 0 0 -0.15166184450578202 0.017366287387293854 0.007138749102330245 0.01792974810017106 0.0033778202034988923 0.005281588383992023 -0.005257565756305052 -0.002220232961578897
70 700 0 0 0 -0.13243660771597413 0.020387681600267393 0.005447951035685201 0.007705911359092224 -0.0006273796480282421 0.001783413152558603 0.0031223706035174454 0.0028579919078213726
71 710 0 0 0 -0.09854729770781158 0.016066381334757334 0.00802573950038427 0.004453403889879884 -0.0030887007658751253 0.010400781831722803 0.009748467471733371 0.007670224329748352
72 720 0 0 0 -0.0785805636178758 0.007201806931029741 0.014377076323939298 0.0069442888640000675 0.0036556602396685426 0.009754164520103276 0.008970116650512644 0.004648210505522817
73 730 0 0 0 -0.04239770611358396 0.003980571966281709 0.028048971208687653 0.005041304248932814 0.005125329774285832 0.004464318482367298 0.01416570428643602 -0.0034865035820600453
74 740 0 0 0 -0.04873967656730789 -0.005562446877127922 0.014681336208941381 0.01416888033383638 0.0029851490733993303 -0.0018282334308039726 0.00150248565049756 0.0018907847936379361
75 750 0 0 0 -0.0232228003356123 -0.011874936637382774 0.011995269273151114 0.009237921728595121 0.011335395293991343 0.005797996544323157 0.0041089389539930715 0.003914622813149409
76 760 0 0 0 -0.01573951033140842 0.0029752155644264203 0.00831313082863133 0.004480205239168208 0.01373156734607084 0.008237702479271488 0.013089065277683706 -0.010686689124930121
77 770 0 0 0 0.0009648274287222466 -0.002682408626409538 0.00553769649567599 0.009602583386387772 0.014505557387816247 0.016855570293474075 0.017356908290818967 0.006240057140333415
78 780 0 0 0 0.016001612830714496 0.0001590159470820432 0.009663398083898218 -0.003373108812666217 0.018285237561221513 0.02371905628846911 0.01440687264908257 0.00823697529730838
79 790 0 0 0 0.042971656077793 0.00030232803968956027 0.013328871388653046 0.0017118979616690191 0.007809788212544213 0.02462793251292318 0.016754296269744194 -0.0019281380019877514
80 800 0 0 0 0.06000870056643778 0.001203468862107944 0.012252361940324554 0.002424454825157769 -0.006480745057826236 0.02521147544260958 0.018946973211860424 0.005442992645922542
81 810 0 0 0 0.06091518875582725 -0.002573957200667625 0.013841228928914626 0.008084364831787216 0.0011232094689447112 0.020648662898943508 0.020398351170116357 -0.0007128884561953906
82 820 0 0 0 0.08446845450596396 -0.0038663475077290546 0.01719872285836823 0.01347674786932613 0.008023044966927875 0.02303294908940911 0.011389909333524137 0.0036840384545524414
83 830 0 0 0 0.1253774965058821 -0.0031002185938666816 0.02030167358310248 0.012217827025740235 0.010049783642642432 0.021890140920462934 0.015388713598135045 0.005621583622819481
84 840 0 0 0 0.1334466313441036 0.005089279406008498 0.024632751831379907 0.018163051330057873 0.006652035049709654 0.015398510153497994 0.008373579013105526 -0.0017248834834022748
85 850 0 0 0 0.11407848729835691 0.016890402588021883 0.028975395899780536 0.01683398210997699 -0.0005476262765497604 0.020526888938846993 0.007450046155049528 -0.006628421399763303
86 860 0 0 0 0.10822552273680242 0.01409680109056765 0.018433226788786932 0.018875735092878272 -0.0024799693984761803 0.015803639693735144 0.0031769174605951562 -0.009685900327079748
87 870 0 0 0 0.12163546252533938 0.025510200197874703 0.01749870466774869 0.015191497090331837 0.002480737366662469 0.015776045072151027 0.0035912739764840896 -0.0003986614891884205
88 880 0 0 0 0.19032724733032635 0.0316975112708555 0.02240810427489666 0.005327910153939623 0.0009774961833314997 0.023730713136625458 0.01721589228746359 0.005796265071999094
89 890 0 0 0 0.259748285529022 0.04403558388719044 0.026155783868327915 0.005343179929370536 0.008739636944376038 0.020877782820027446 0.0035222953955175336 0.001770487781828845
90 900 0 0 0 0.25230264917576034 0.06109050731557063 0.02358768733060649 0.015732051155403416 0.014477237467207126 0.014421537961505335 0.01076816273821786 0.0029468494451012637
91 910 0 0 0 0.2359111795649065 0.04861679684935778 0.008681990954332416 -0.002448725754903517 0.0024659109191165138 0.014302214025285389 -0.01666108644366089 -0.0038220065007174555
92 920 0 0 0 0.24072774575745368 0.0446872224103769 0.008337774028324963 -0.0037616889937472056 0.013409668537145194 0.007762598139636662 0.005778821252014045 -0.006206289528939797
93 930 0 0 0 0.31209308895162463 0.07698467509127561 0.015875238465499084 0.006847575541421597 0.029847519741794934 0.006406112664946296 0.003831555836645527 -0.002768950111049367
94 940 0 0 0 0.3102474362569084 0.08075109805054996 0.025535745101586373 0.004429374936128941 0.03046024965828196 0.0037908152253981753 0.0038959153763898535 0.001025241001967465
95 950 0 0 0 0.3377809498431835 0.09926996075247149 0.02867509013595542 -0.0031706712905143113 0.02683286676594026 0.012194322278274314 0.0034259564273821834 0.01997307206257998
96 960 0 0 0 0.3376311469302037 0.12928542405761687 0.012938437143295248 -0.005658503017803329 0.01947735637076539 0.014430215312969561 0.012839318590085191 0.014253038644355075
97 970 0 0 0 0.3803518728698416 0.148320557848236 0.015562003689197633 -0.009972877010530082 0.008670401443049031 0.018023107551972856 0.009199289233913898 0.019279988745423766
98 980 0 0 0 0.41639948712547215 0.1630595503055167 0.019208466913647564 -0.014438284158636117 0.017952156435460668 0.016833107759505087 0.00967532020314094 0.015491514223433908
99 990 0 0 0 0.4083304695891572 0.17371300010425636 0.03862602963623415 -0.006091367685046655 0.029316332013460785 0.0011988381899117918 0.005448238779015091 0.0024930201676604032
100 1000 0 0 0 0.4047491532782917 0.1620302766446467 0.042081304270104376 -0.006520862242798643 0.019433354100413178 0.012984111683518745 -0.003333606567835835 0.011646541310351952
101 1010 0 0 0 0.4201297110425952 0.1789262799939204 0.0513584207287029 -0.012640124168717671 0.019094512766425386 0.01859197909208924 0.0011396515032692026 0.01771660473745363
102 1020 0 0 0 0.4322679097754561 0.1913991961516393 0.06525049099137445 -0.009850708474896044 0.021005126490703976 0.01685143009995753 -0.0004265631852536265 0.0198407403711797
103 1030 0 0 0 0.4494939077413543 0.1895774091924739 0.0628749124635815 -0.012588703224773783 0.024454131996253892 0.01018776072081884 -0.007843779272641098 0.004268677038121088
104 1040 0 0 0 0.45726756863809503 0.2223047535018308 0.06916874968024696 -0.01632907931657802 0.026950766948531157 0.012478316031353952 -0.011512863591345015 0.005999264921510996
105 1050 0 0 0 0.45301091644146424 0.20637888755441497 0.06191950337894225 -0.02302845987872608 0.01877266240828664 0.01500624241808572 -0.002420744476628404 0.00689967482997342
106 1060 0 0 0 0.47027932655308624 0.22948369436231783 0.0616252923023064 -0.013862528899180685 0.023475367173655875 0.015154687626403334 -0.0028130226279754265 0.005514815679956049
107 1070 0 0 0 0.4836512626934823 0.2409334906327743 0.06206917375877981 -0.018425699819638364 0.031282717512742704 0.02226355998725415 -0.002947982631532526 0.008063239488423218
108 1080 0 0 0 0.4896554089498211 0.24581742146938768 0.06833219038865003 -0.016522938665026878 0.03677972267832214 0.024361131338674544 0.006651489734049651 0.013416641949157967
109 1090 0 0 0 0.49364344960612994 0.2507835719909804 0.07222615758561567 -0.014560061795783626 0.03450921024877986 0.022323281450760058 0.0009800679749642138 0.015378202952286953
110 1100 0 0 0 0.5254832110599481 0.26040790629497484 0.07149324068424663 -0.009607601278786668 0.03519440911297898 0.019947688080847292 0.0022301686053864435 0.012534803075378848
111 1110 0 0 0 0.5089695300824923 0.2505288535359593 0.06640112272190316 -0.005942757087385556 0.027145472215757957 0.016833874645085088 -0.0006512417309457266 0.012066408079176619
112 1120 0 0 0 0.5283153045457776 0.2731722682172214 0.06781478902641842 -0.0056432201218072214 0.02821817540426427 0.018102376395670545 0.012524172123498266 0.012485588083930887
113 1130 0 0 0 0.5184484947531461 0.2760500194044607 0.07189374236169876 0.003983758147228863 0.026859855412008166 0.02152006350990622 0.014003630827603886 0.006409812484286019
114 1140 0 0 0 0.5495487963396297 0.2871057160856118 0.07403227993766384 0.007287388794679053 0.0242043298523877 0.017350789867545874 0.004993228203112895 -0.0018096038916508858
115 1150 0 0 0 0.5676879266655969 0.3145925992571759 0.08491091867282982 0.021718747626917827 0.025396268786274385 0.013967059995913664 0.008466317156721503 -0.009963097617877986
116 1160 0 0 0 0.5834134814684746 0.33188501874648957 0.09535391049910137 0.02214864553645879 0.022397207072535577 0.026049565316446102 0.009042882673127346 -0.0025341358111433294
117 1170 0 0 0 0.5533946272487132 0.31781521525319534 0.10411532802736854 0.017320889429346842 0.02179133007937917 0.026610750145364057 0.008308656039108835 -0.006051270558136142
118 1180 0 0 0 0.565259347990463 0.3303680324065837 0.10864610653318918 0.024173625091494896 0.020985850399776195 0.0315283066761167 0.002043089258377819 -0.0032271499950381694
119 1190 0 0 0 0.593747449772128 0.3600232740121828 0.13366881858609816 0.03401431801506286 0.019158429331547044 0.03238121062188272 -0.010874603522683789 -0.017327488030924838
120 1200 0 0 0 0.6158011172203992 0.38228571227906133 0.13196274250658332 0.02924185666852343 0.019025962915021247 0.03703025761930212 -0.00641380058832786 -0.016549409859027538
121 1210 0 0 0 0.6248562698438604 0.390660107092447 0.13784964594528323 0.039351738654621646 0.01980314228970694 0.03636922583124173 -0.015147349806209992 -0.015540253643901077
122 1220 0 0 0 0.6393867284701653 0.39547644140461563 0.14478890176653764 0.033292317103528375 0.02645526671866421 0.037830661050136036 -0.019921359198821636 -0.01603386435539229
123 1230 0 0 0 0.6149733544626045 0.374269469271162 0.12976055680243356 0.030285807304373455 0.025414182772309696 0.029028017520431906 -0.010986623568599748 -0.013305043776931253
124 1240 0 0 0 0.6266982034271278 0.3881950568857185 0.14307891993526012 0.03699071764244086 0.018441727472753775 0.030017085378493166 -0.0075770038217185766 -0.013111003699895186
125 1250 0 0 0 0.6346861737810867 0.39831837825374783 0.14808310219619364 0.04628501126026267 0.021210828379543797 0.025193805982779375 -0.001529474807999952 -0.0153200542905748
126 1260 0 0 0 0.6328543683946893 0.3992611433719954 0.1522187850547476 0.041191879192287686 0.016927596935070066 0.0247973137330234 -0.007447280733353664 -0.014369094279898818
127 1270 0 0 0 0.655523958430061 0.4219392600667596 0.1723528094657907 0.0421203082523111 0.012300305395514318 0.025513470672721663 -0.006827855841821172 -0.020289793285785663
128 1280 0 0 0 0.6707819405945455 0.44525218535590266 0.187889193109179 0.04528000296123757 0.012867965141602726 0.026769852953571524 -0.007608146852209175 -0.020420342168650487
129 1290 0 0 0 0.6809008392660896 0.4640210139368321 0.1936272880447638 0.04481609861776587 0.010844097462595641 0.02297648160932439 -0.0033251410100865646 -0.010529322545195355
130 1300 0 0 0 0.6895733686388471 0.48419526487905773 0.20552654840180615 0.06061229774573676 0.0036362155786017498 0.02660892324045863 -0.0015006068875768226 -0.016322361975143345
131 1310 0 0 0 0.6803009361502408 0.4806306200370033 0.20632465005358952 0.056786981246814534 0.010303273705350318 0.0321301881974781 0.009658838479258598 -0.003017248065465071
132 1320 0 0 0 0.7053438012178188 0.4947485317318343 0.2216786380387285 0.05432686910690499 0.010721100776930868 0.02775666868841961 0.006939730312883401 -0.016086522109865203
133 1330 0 0 0 0.7028365866910246 0.4813056802309053 0.21501030658263845 0.06318865657576281 0.011209971463150975 0.013946435964207892 0.013614861008143271 -0.010836863959577002
134 1340 0 0 0 0.6916538190255591 0.4676273214208887 0.2242469054739828 0.06182545445202663 0.01476917821032072 -0.0030515093090360077 0.013734390408235717 -0.019219977601801688
135 1350 0 0 0 0.7052559774496565 0.4899591041022163 0.23525506369724647 0.05739781600572289 0.009508406769334666 0.013467162821339375 0.00510839095901597 -0.014146317848292825
136 1360 0 0 0 0.7103111484905951 0.5075096387058821 0.24627142957552384 0.06244846759851141 0.004611469147931525 0.0197497355292348 0.00029208481302869967 -0.014461123238578127
137 1370 0 0 0 0.7271500279066266 0.5292302593072691 0.2635290519270935 0.07177986051494879 -0.00039055742954923617 0.018319331549483633 0.00031957994706859294 -0.009856867827494233
138 1380 0 0 0 0.7354732025566433 0.5311161316622368 0.2703736543142086 0.07275556664268214 0.003038523215258907 0.022748680661298856 0.0021421787130192285 -0.006198442056366143
139 1390 0 0 0 0.7527760454063138 0.5505645218097128 0.2968666222365264 0.08072021008872349 0.002661092892559527 0.024676212694617533 0.0014819713748989904 -0.007728045836537727
140 1400 0 0 0 0.733242201168296 0.5348757547257532 0.3072355889279723 0.08395921915660531 0.005145497530202391 0.024816967688523 0.012260382582095285 -0.015595089787413155
141 1410 0 0 0 0.7520974663263041 0.5630101835582886 0.3186917918904441 0.09739406957660468 0.006104849538736905 0.02111912383736721 0.014375010617806725 -0.008249376104019475
142 1420 0 0 0 0.780487779071624 0.603934355399596 0.3651848754943111 0.12069072558727999 0.004412260596577287 0.022507038109665135 0.005379896533739258 -0.010107299176555016
143 1430 0 0 0 0.7908660216513861 0.6079060401289962 0.36796285426133124 0.12634006671734438 0.025566077074010804 0.016593654195323552 0.009735786046530007 -0.005924215511178115
144 1440 0 0 0 0.8017846232351443 0.6265987531988843 0.3956651347655374 0.1489574357728995 0.029293148216719345 0.016620193540523118 0.014948023093235887 -0.013346723954559594
145 1450 0 0 0 0.7929275200723621 0.6322411075436809 0.3944050090070004 0.14770639234023436 0.03251883063776905 0.013884117054580453 0.010533878000491118 -0.00449741115614591
146 1460 0 0 0 0.8192556100053109 0.6629950700910474 0.40393955388341984 0.1481549184019557 0.03545790822835793 0.014662902959129023 0.014442586305744 -0.0103101738200233
147 1470 0 0 0 0.8052409858050195 0.6382915879165917 0.3997266933388981 0.14404183257469 0.03985915812793513 0.015513816608766108 0.006067533513120997 0.005333001566141879
148 1480 0 0 0 0.8386408921787402 0.6810764595998894 0.45448722505151706 0.17572884982810472 0.04047631918756795 0.009286625700623531 0.019136706542138202 0.009225539919386974
149 1490 0 0 0 0.8382930854661841 0.6967918239667167 0.4787440885516176 0.196617282657 0.03760259307797144 0.00327395687352712 -0.002874293541847872 -0.006060849113512097
150 1500 0 0 0 0.8372559180219005 0.6984765522376828 0.46701602699931755 0.1908000584647878 0.03753732879500833 0.012393484743129892 -0.005844459062734729 -0.011634606181176213
151 1510 0 0 0 0.8509559958881727 0.7055940351627344 0.4869277550183147 0.20900541976620926 0.05213249477700925 0.008951088424993557 0.02019232121710212 0.005372224224259465
152 1520 0 0 0 0.8491265439975135 0.7149177487453519 0.48967848580202794 0.2091064441818222 0.03488139637894112 0.01771383812324603 0.006118252306571224 0.015937616436316998
153 1530 0 0 0 0.8444593355035583 0.6975367466587422 0.466300262141525 0.20527365669637074 0.03199117722383183 0.010289949784460984 0.0014725306806872545 0.0035652167676958474
154 1540 0 0 0 0.8298557171289188 0.6748965315263588 0.45162049446792013 0.19739173472448873 0.037182281907553606 0.00639001485633765 -0.0022951119907984926 0.004274804442179151
155 1550 0 0 0 0.8231720005298275 0.6895773757999005 0.4733616940263125 0.21591666717276822 0.03333697440904061 0.0034942367809232297 -0.0014414945921266335 0.01840755984911149
156 1560 0 0 0 0.8380946982526085 0.7031103954296369 0.4823278019152382 0.23043961519293726 0.05030596034872157 -0.003889506783840099 0.010040126328734958 0.018233966322700128
157 1570 0 0 0 0.8385454595642121 0.6986574354496913 0.48239594921137335 0.23468007645694425 0.056009807654167174 -0.011434958481582413 0.0016090092770464776 0.012759301784998957
158 1580 0 0 0 0.8656952945351224 0.7291599235547552 0.5105059162611832 0.27384942798647116 0.07453159758277395 -0.01863102410059335 0.0023063744711417844 0.015122264640089079
159 1590 0 0 0 0.8435514401102144 0.7077205167884311 0.49279388418495146 0.2539831376479794 0.06951351889357228 -0.013077883003620661 0.007528648259260786 0.006125412179317738
160 1600 0 0 0 0.8567945037475011 0.7274295997348131 0.5116003622917074 0.2714837727543778 0.06983137379883142 -0.015408358920264183 -0.0012397717868979892 0.010101339773251932
161 1610 0 0 0 0.8526190789177378 0.724587442777983 0.5208030061556839 0.2699219880876226 0.0681429888537595 -0.00943765372867365 -0.004720625774576811 0.010199849521586844
162 1620 0 0 0 0.8484528417529059 0.7296785621609091 0.5292877991306771 0.2877240932320417 0.07026067125087235 -0.00016883277005424503 0.002628824167233008 0.016909324757669195
163 1630 0 0 0 0.8424778116792561 0.7201044990387596 0.5182661657307941 0.270002344539346 0.07208841386830411 0.00641933556985491 -0.002435565195806835 0.014726958592163402
164 1640 0 0 0 0.8456902189476491 0.7259384364492104 0.5296516246787802 0.2691389267655933 0.07430568217261369 0.01342655684886809 0.00010192504373602142 0.004051822615987735
165 1650 0 0 0 0.8537389198273171 0.7256463383928395 0.5348448943437684 0.27789591031310884 0.07025368067827975 0.0084850917312627 0.009547106069094863 0.000584279795134846
166 1660 0 0 0 0.8591579894434148 0.7385379508699454 0.5472266291352592 0.2893379135685009 0.07619248430895634 0.005425234870913991 0.011037407790600551 0.003687422928543438
167 1670 0 0 0 0.8695579256286265 0.7535901313710667 0.5645213861199864 0.2946386608046967 0.08177968217679177 0.021472079135695984 0.02461840567631758 0.0008404850963739195
168 1680 0 0 0 0.8607265938800615 0.7483010751040519 0.5635398358072218 0.3088689798349975 0.09761490118695078 0.01782064589470264 0.02339408145541788 -0.0017031725790290029
169 1690 0 0 0 0.8714872872371483 0.7754003383486636 0.593438999713352 0.33802536592713056 0.11608830713493139 0.013662765426059213 0.025130874264635623 -0.003570279728368333
170 1700 0 0 0 0.8777640623391301 0.7836574611103785 0.600507881026359 0.36159085022700976 0.13416992386640597 0.0031370024927835603 0.01578650884768131 -0.0028108267284174837
171 1710 0 0 0 0.8757337881614471 0.7742784629429051 0.600644813743913 0.35285991554026475 0.13541055343361966 0.017528437875303185 -0.0014167631045301568 -0.010819791353702807
172 1720 0 0 0 0.8792049661107307 0.7753528204132839 0.5943034946985756 0.3540912508723835 0.14011895925234946 0.0230778668105128 0.005785759752513114 -0.005760692172389042
173 1730 0 0 0 0.8784914399282538 0.78422033310264 0.6146383537091734 0.39292079668722946 0.17342954789237375 0.017669878690042974 0.012758256996472891 -0.013637670895805504
174 1740 0 0 0 0.8980646874551589 0.8017917176738054 0.6309467322661758 0.3964812492842399 0.17177837245118288 0.02179815052824177 0.01466522482488922 -0.026091230320680177
175 1750 0 0 0 0.9059880139531318 0.8175711498395348 0.6595597645985358 0.42131165001907533 0.17682263275085625 0.02686392019954702 0.002061635775892863 -0.014841107812905485
176 1760 0 0 0 0.9089218621363341 0.82199222269971 0.6646569295404183 0.4430683821710396 0.19869921852354083 0.029977302567002956 0.009756707780196175 -0.010491299583915955
177 1770 0 0 0 0.9155779757883512 0.8268356945570552 0.6743130379678596 0.44796433822686255 0.2131861774353162 0.030593938492618735 0.004476023197997957 -0.017086952481404145
178 1780 0 0 0 0.8993270289142073 0.8017993346963115 0.6550768364359608 0.4332322792338888 0.20062548932853733 0.0365151672519907 0.010219593583939314 -0.0338337014820498
179 1790 0 0 0 0.9076977820659227 0.8180179094907063 0.6803880004960545 0.4579140306371323 0.22046112185960678 0.04616963396412135 0.005660976372535712 -0.03330444241433062
180 1800 0 0 0 0.9210245231125275 0.8368478053399231 0.7036150528028361 0.47710824322070966 0.2368549575004007 0.0453872222249909 0.006756073250552333 -0.023608804491691435
181 1810 0 0 0 0.9254378335400864 0.8493625349859623 0.7199191409840046 0.5088337662972313 0.26911549781485705 0.05107881290153819 0.009714139339938357 -0.02973103507648186
182 1820 0 0 0 0.9157162665611553 0.8405472818668503 0.7062905718528912 0.5081049711923413 0.27461435413486757 0.0596704023215946 0.018614037269095444 -0.03561976195236879
183 1830 0 0 0 0.9191563208375533 0.8501164956501737 0.7266248428954648 0.5211175869411754 0.28394898855562606 0.06547944168919517 0.03184517152221535 -0.022629054232046957
184 1840 0 0 0 0.9164072611862298 0.8431785427309108 0.7232869138507152 0.5323036540354822 0.2936949064550769 0.06901724485002636 0.03150899241929873 -0.016456054470220853
185 1850 0 0 0 0.9253410303453317 0.8607909398451756 0.7395059394539695 0.5493648380777476 0.3066045540886309 0.08252679826197758 0.03033036411644045 -0.005725242373604993
186 1860 0 0 0 0.9318754363621834 0.8721318181212856 0.7538819809141332 0.5704868896819866 0.3155332255769066 0.0796209877192498 0.013214842102804672 -0.0057402111550428105
187 1870 0 0 0 0.9342508063024937 0.8663885374658439 0.7360470222830074 0.5631847470529979 0.31380365669358273 0.08785647148491561 0.005868529682700862 -0.00224431293360352
188 1880 0 0 0 0.9471300991327064 0.8724074397580538 0.760919484202583 0.5732479385714457 0.33474381974306566 0.11136968447454809 0.009352032448884775 -0.019737298097343953
189 1890 0 0 0 0.9438422411714644 0.8862008337217806 0.7813895621278483 0.6155188239988431 0.3720927063466016 0.1291871285975283 -7.744340411752759e-05 -0.03486984633520804
190 1900 0 0 0 0.9375515797678682 0.8755801198622887 0.7717252255241922 0.6147938893485857 0.37282051892717105 0.12851428194172668 0.003954349632327042 -0.04193205591837816
191 1910 0 0 0 0.9389618336959146 0.8821510516768889 0.7779812830892747 0.6214423774810456 0.38710042694639785 0.14907274815199067 0.0010326741765616398 -0.032403818812452495
192 1920 0 0 0 0.938462410348654 0.8816803932935001 0.7751390226706364 0.6145601386751337 0.3807811013234134 0.13359068793689283 0.016037267794315347 -0.036464633132543785
193 1930 0 0 0 0.9310768281917291 0.8736430200604673 0.772831819590686 0.6072466242040302 0.38205561039227814 0.1351748555264379 0.014088452082925864 -0.026895857363977746
194 1940 0 0 0 0.9411951338745359 0.8934757136710593 0.797530540063694 0.6433674993029745 0.3983676154342266 0.14521460279290369 0.021728076252479765 -0.019007760840320676
195 1950 0 0 0 0.9466870693578183 0.9012222075649566 0.8083884296253622 0.6609446002035322 0.40675777091732374 0.15216094377948675 0.02493444736988124 -0.021080554512635862
196 1960 0 0 0 0.9400908066967426 0.888336956888612 0.790376368246981 0.6351075160598277 0.38998737151290985 0.14778326947664475 0.03398986648698396 -0.018548902591845873
197 1970 0 0 0 0.9497989630107995 0.9048991939358924 0.808154333517728 0.6568569942254615 0.41434808909598586 0.1559578309081031 0.03612345379832506 -0.020601120013631128
198 1980 0 0 0 0.9490867444630514 0.9082705319046034 0.8171325318206974 0.6699462388116204 0.4348591587062147 0.1680783055915881 0.039886290616008874 -0.017092428852725362
199 1990 0 0 0 0.952013084307175 0.9091360927285378 0.8247629778306338 0.6777996842265348 0.4486627546439656 0.18540853194803897 0.04351700331563345 -0.014726182782674182
200 2000 0 0 0 0.9474644080135901 0.9071887742844291 0.8316321153603434 0.6848397857977151 0.47035028580849286 0.19501095585727632 0.04070615402882928 -0.017230016498570307
201 2010 0 0 0 0.9536165310974059 0.9135762795312367 0.8393871893699666 0.6971901062784679 0.48105401880576215 0.21154473067244678 0.0473541703144211 -0.009744708713722329
202 2020 0 0 0 0.9475977608682874 0.921298002543084 0.8572800853694785 0.7299627136566431 0.5221863444046109 0.2358471125567505 0.06689805667911694 -0.005672570226519998
203 2030 0 0 0 0.9479011724831203 0.9192951493694982 0.8615883756965005 0.7335943457755634 0.5313460880052412 0.25521945531189744 0.05686419107421506 -0.014332583649853289
204 2040 0 0 0 0.9494026615337148 0.931392532911344 0.8769489754134182 0.7527472621671576 0.5699970037242234 0.2868367345765933 0.0869010674980124 -0.016407309981022054
205 2050 0 0 0 0.9492024769233625 0.925797097625785 0.8681553045965696 0.7470123547913894 0.5503132160716592 0.28168486001861254 0.07451325972438787 -0.017891179905185694
206 2060 0 0 0 0.9476175893963041 0.9229079032949379 0.8686489640024028 0.751844105167293 0.5565008910421168 0.2953006707301082 0.0911382489999359 -0.004791663568407746
207 2070 0 0 0 0.9455306785030326 0.926190127558935 0.8640432300603302 0.7425265751529929 0.5601346868310544 0.3002316509228347 0.07395386755517305 -0.005089820961777615
208 2080 0 0 0 0.9498042447122694 0.9398286962927083 0.8839698217008922 0.7733974107331185 0.5984250913851424 0.33757952638547883 0.08489781000702148 -0.0016265393596485104
209 2090 0 0 0 0.9579227597093996 0.9394403151744565 0.8819603885016686 0.7557866037747057 0.5724597628718918 0.3332560319576696 0.07080355563429466 -0.0029183603637870192
210 2100 0 0 0 0.959824449504069 0.9448847363279308 0.8916633260063954 0.7754130337296836 0.5884993398223891 0.33775195934030633 0.07988364792680391 0.0025875956559312453
211 2110 0 0 0 0.9607751595008872 0.9322647499347456 0.8731137209467813 0.7436811054023443 0.5581396980018607 0.3103188991643168 0.08314051826383778 0.007277721137635853
212 2120 0 0 0 0.9608740751479142 0.9349340423764205 0.8837903154156824 0.7617010816725769 0.5872409847675842 0.32691962344330666 0.09454263251496206 0.0052747396806936755
213 2130 0 0 0 0.9651082468097707 0.9408420494831237 0.8948768211709499 0.7707988530091189 0.5991876134145483 0.34441227116751555 0.10762641433147858 -0.004031765718377215
214 2140 0 0 0 0.9645663660333196 0.9418730451145669 0.8963035360126133 0.7815670037833843 0.6083635791536669 0.34627984972551157 0.10655030377971153 -0.0005394067344781442
215 2150 0 0 0 0.9619472219526567 0.9370213825387361 0.8911611715034174 0.7781017718017043 0.6034055803937403 0.34597406138832865 0.10073293615495754 0.003003773931991361
216 2160 0 0 0 0.9625388749780693 0.937395521488983 0.8887144668302513 0.7678144950686863 0.5923386102681455 0.3478766979953327 0.10516924788518844 0.00692538154827849
217 2170 0 0 0 0.9608776590956468 0.9366008868571285 0.8900120662050207 0.7789789760028177 0.6079520997092399 0.36068428999335156 0.1084080096348832 0.006410935148985622
218 2180 0 0 0 0.9614838235664639 0.9381513146774065 0.8913139159134649 0.7787701604834588 0.6073506933128623 0.3645108904067359 0.11561935124467368 6.024866339858492e-05
219 2190 0 0 0 0.9627984354183421 0.9418792688185081 0.8973960832705328 0.7852812473311896 0.6197594296440373 0.3826459685311548 0.13052164286922965 -0.00029108880682763693
220 2200 0 0 0 0.9661989445962806 0.9398336544123475 0.8991818951961197 0.7884937078645089 0.6281486146018481 0.38957625198929946 0.14385855718178642 0.0012467402905338714
221 2210 0 0 0 0.9665541247115905 0.934237190702901 0.8898773011192772 0.7849918022184504 0.6274046096369229 0.3771222063104346 0.14517760870824045 0.005282108601666868
222 2220 0 0 0 0.9739903080008822 0.9439085250164163 0.9076437422787293 0.7986785390083817 0.6484187898893404 0.406986312876273 0.16099514901406284 0.01057956954070719
223 2230 0 0 0 0.971483167702657 0.9389019653280177 0.8984372808437713 0.7976639536533114 0.6512833948641914 0.41316928217451476 0.17642686369255323 0.016543587344730187
224 2240 0 0 0 0.9651367047945504 0.9325134852116006 0.8889542286852258 0.8004651312613738 0.6548332425944127 0.4199429461212526 0.17800768529729932 0.018901591276574252
225 2250 0 0 0 0.9693238423417171 0.9381528941313714 0.8945232957887471 0.7975343467541715 0.6469352980702726 0.4157093806130771 0.1731368832352482 0.023437166416475544
226 2260 0 0 0 0.977868036826211 0.9487396442540792 0.9171029034458303 0.8311941962959191 0.696063333641915 0.46162381046121465 0.19918197194277795 0.02908422513491961
227 2270 0 0 0 0.9798728818483629 0.9477823617343706 0.9145674687546134 0.829484254395919 0.6936444706141093 0.46545413323136636 0.20586232526745657 0.04003351352964063
228 2280 0 0 0 0.9832493545113725 0.9617284745977642 0.9333212967116288 0.8517413500517098 0.719094448094789 0.49628235480364874 0.2273546976361184 0.05718748653216101
229 2290 0 0 0 0.9833235758761917 0.954640040615453 0.9195949494388796 0.8377988564574487 0.7057186331183402 0.49193298560332765 0.22916051064764875 0.07011256436633191
230 2300 0 0 0 0.983613563694295 0.9632556670497183 0.9299565109197367 0.8628409151772657 0.7212478363616917 0.517634984184757 0.2617732516213935 0.06839663768532417
231 2310 0 0 0 0.9905403663028055 0.9634423150731086 0.9297947641774661 0.871044014465639 0.7408676666884403 0.5557907304417661 0.30880651609576365 0.10543336192497717
232 2320 0 0 0 1.005010719597851 0.9803553700489988 0.9407767999244657 0.8866894307017588 0.7705792215915536 0.601429248038047 0.34225303602973134 0.11103890583240442
233 2330 0 0 0 1.002862239556307 0.977754505282312 0.9442312170119045 0.8992269352978923 0.7730337594793035 0.6061208208201488 0.3483404463480417 0.09220450060858984
234 2340 0 0 0 0.9974356988583961 0.9654071350227686 0.9248457479285987 0.8803786909498887 0.7604138663029242 0.5992577306843583 0.3551157280155264 0.09726836338222966
235 2350 0 0 0 0.9964097220629728 0.960272549949188 0.9230271109531173 0.8727919388451795 0.770745655658369 0.6081161353021329 0.36539003675046977 0.10120744974750966
236 2360 0 0 0 0.9995755929542429 0.9730471558287092 0.9377736778206502 0.8832364800832988 0.7799045062397473 0.6090074868283507 0.36856787966955895 0.10851482242914148
237 2370 0 0 0 1.0069362646884543 0.9806367746338929 0.9456100105589751 0.8903217906240296 0.7897618827949802 0.6164010675546718 0.38059036937069574 0.1280890322245606
238 2380 0 0 0 0.9943098472819101 0.9745817460244013 0.9392436425669962 0.8910748795846448 0.787702216209901 0.6070938906656677 0.372798035081028 0.12053219955905786
239 2390 0 0 0 0.9970873231983618 0.9766866302954933 0.9385531179799873 0.8814343397679528 0.7808514149496156 0.6122805108171879 0.3781714836734378 0.12988305893988988
240 2400 0 0 0 0.9947603868365105 0.9745908389541622 0.939920240603242 0.8819593382835718 0.7761374144469168 0.6100266575518248 0.3699920679624912 0.14187284805195796
241 2410 0 0 0 0.9975848419970854 0.979697879015713 0.9510893412135694 0.8869172084299842 0.7828987716873526 0.6125692223300222 0.3678339531911818 0.13810184052558303
242 2420 0 0 0 0.9942108731379584 0.9796996997360529 0.9500774368093053 0.894600051780507 0.7932303623956516 0.6390795361885854 0.39483224243839943 0.14384730732845913
243 2430 0 0 0 0.9948301443735497 0.9794122711266771 0.9472750504372593 0.8935695735268615 0.7968684602135876 0.6394668370283806 0.3854833486718966 0.1496549509312915
244 2440 0 0 0 0.9900076365182846 0.9766959194379218 0.9451139004027422 0.8960666509952793 0.8079529497605248 0.6553065475307304 0.4003578232486923 0.15243300160534565
245 2450 0 0 0 0.9908734637338324 0.974854132102011 0.9416822542231007 0.8883666683235106 0.7972248474806767 0.6378626128954025 0.3855761477703546 0.1476512501825643
246 2460 0 0 0 0.9920995694599334 0.9826557864373354 0.945294661109748 0.8986441079436699 0.810943695750965 0.6500236427189791 0.40865380373000443 0.15751274030653745
247 2470 0 0 0 0.995301738347866 0.983604442281583 0.9467920171948652 0.9053054316788494 0.8178478105664457 0.6623958838856776 0.4200908670907878 0.16323041390389204
248 2480 0 0 0 0.9923180804895657 0.9787058225382856 0.9420588150713484 0.8973267359520886 0.8068506773400148 0.6509607555276192 0.4091239354214554 0.15291307882262925
249 2490 0 0 0 0.9883746827333534 0.9775518175352753 0.942154127653634 0.8991982282491866 0.8150540706268554 0.6572903736576874 0.4165571197650771 0.15909943872289764
250 2500 0 0 0 0.9876155113283654 0.9778551643735524 0.9420822894901497 0.8992028849106564 0.8096786548838145 0.6496252318207447 0.4113112454107594 0.15833280917172696
251 2510 0 0 0 0.9888239020540045 0.979301337934428 0.94122264786914 0.897915854644668 0.8058308721575955 0.6460898343876028 0.41462145579074544 0.16134114174745318
252 2520 0 0 0 0.9924714220686326 0.9833675010280294 0.946109649618701 0.9007138123539646 0.8112725460605508 0.6560486842294453 0.4259964861339739 0.17073084488653772
253 2530 0 0 0 0.9914876349466858 0.9861553431230693 0.9512403814924614 0.9060903072742854 0.8205901331157535 0.6677354914779604 0.4423894402196757 0.1778172156218469
254 2540 0 0 0 0.9943299464059694 0.9867549670180976 0.9489792630163653 0.9038743440799266 0.8193515739167136 0.6659973672413559 0.44364150505382927 0.18197270401114962
255 2550 0 0 0 0.9925392208048325 0.9853013232226971 0.9506703141848062 0.9060365539659109 0.8219219900600955 0.6723125307817388 0.44830049628194585 0.19296495996324
256 2560 0 0 0 0.9935855194190867 0.984536835052427 0.9523767078364722 0.9092316762658382 0.8328901674051027 0.6850754482744384 0.46295779741886195 0.20358777471286707
257 2570 0 0 0 0.9933452352012886 0.9852699086064134 0.9524609603622413 0.9062471122699264 0.8315771439342451 0.6906345378827509 0.4695441777868373 0.21490949918778388
258 2580 0 0 0 0.992360678885259 0.9837105960832346 0.9527262421259282 0.9066142785434017 0.8314206759885532 0.6950126999992826 0.4730287772472102 0.21766625074974214
259 2590 0 0 0 0.9895368578866117 0.9849340418758953 0.9538442387480461 0.9066424763054819 0.8234696369224542 0.6826410272180661 0.47156270680750184 0.2087480606694582
260 2600 0 0 0 0.9902226767445607 0.9832441311432805 0.9520331981698155 0.908333844879519 0.8284576009756405 0.6915471321683382 0.4789938615699306 0.21890550540327908
261 2610 0 0 0 0.9908790379692378 0.9833196901752427 0.954694131825161 0.9076819240320825 0.8279467854140848 0.692932127506809 0.4769530228001271 0.22360271668720536
262 2620 0 0 0 0.9937030395339184 0.9881302016870034 0.9589710585520641 0.909030840386546 0.8311859820677161 0.700514749454743 0.4912246748201235 0.2408039585316488
263 2630 0 0 0 0.9944887574739586 0.9877646920912775 0.9561449886258939 0.9123555197454583 0.8339408982278662 0.7066234014970215 0.4993926414067115 0.25280823333020486
264 2640 0 0 0 0.9915161985059097 0.9840912669216944 0.9559191820266167 0.9150422253152871 0.8417222299774878 0.7169432073005152 0.5068242406009218 0.2508832105108802
265 2650 0 0 0 0.9934445487764704 0.9825472038867368 0.9593626926642735 0.9136776666218591 0.8442210904593084 0.7147001811548259 0.504712089143332 0.2500418995937718
266 2660 0 0 0 0.9937113601823322 0.9833206372730745 0.9588178165346521 0.9156810323324527 0.8505395908390724 0.7274377102955949 0.5242755933512047 0.2657559643198148
267 2670 0 0 0 0.9944851792008595 0.9859952479134894 0.9611999613261215 0.9202180234709544 0.8563724473784827 0.7383261877114269 0.5424362501419674 0.28366431491488525
268 2680 0 0 0 0.9974093423983837 0.9873380743865899 0.9644448064020972 0.9259934991170644 0.8624037043374478 0.7474928416098203 0.5603975913312161 0.30047796446221753
269 2690 0 0 0 0.9966704103304452 0.9881529320052237 0.9682174671854945 0.9303480385766771 0.8689250831460525 0.7504183106835036 0.558440345988285 0.29276473043166407
270 2700 0 0 0 0.9953044491156554 0.9890037446422588 0.9647172535637119 0.9274632149862532 0.8605442497261391 0.745661225801726 0.5475783802132516 0.2890499444608518
271 2710 0 0 0 0.9901978076084448 0.9832364568726213 0.9612998745144808 0.9276079032883793 0.8589439643463643 0.7379657907883401 0.5453278927148134 0.2890544271237537
272 2720 0 0 0 0.9907832988240701 0.9832157230760183 0.9628900380539771 0.9266910150096358 0.8574379111628574 0.7429325393367414 0.5523733160591299 0.3045895959251851
273 2730 0 0 0 0.9958216781133564 0.9861645494820396 0.9642989958434389 0.9312295495710414 0.8639702531562984 0.7552285670608303 0.5667111380041637 0.3172166974410393
274 2740 0 0 0 0.9956718186375436 0.9853015545702448 0.9690293964470135 0.9335134739628275 0.8701175008288387 0.764470495108095 0.5778391685988133 0.3298367326414546
275 2750 0 0 0 0.9921048715898255 0.9838138916204269 0.9653960482933738 0.934773885437288 0.8725439679799298 0.770713133523574 0.5867931837376339 0.3353607829874116
276 2760 0 0 0 0.9917730774826236 0.9840832913296753 0.9661935142187756 0.9325802772191855 0.8729487682341365 0.7694509984605906 0.5896301566590928 0.3380943838259308
277 2770 0 0 0 0.9927325329964136 0.9837902090701437 0.9699234601337532 0.9393344211729487 0.8834925085823253 0.7850925216689258 0.6151851327529057 0.3708812073023144
278 2780 0 0 0 0.9926360522515199 0.9826244591987592 0.9734080608302623 0.9423416199579076 0.8905054932438947 0.7970132788960288 0.6306862646529365 0.3877735866642054
279 2790 0 0 0 0.9927668906886151 0.9841418437773173 0.9760270519847725 0.9482199916591684 0.8971164816241124 0.8115351952762296 0.6505531597447185 0.40875377763616805
280 2800 0 0 0 0.988912074215003 0.9803173015019361 0.9732536260455934 0.9411834952749436 0.8953335227564475 0.8130726244040476 0.6500499807923953 0.4092814242664623
281 2810 0 0 0 0.9902785418278435 0.9831139258292715 0.9754800188231446 0.9483022043741022 0.9016620543171003 0.8156422769268267 0.6540937720543526 0.41450736763951235
282 2820 0 0 0 0.9908766031849573 0.9819303920614558 0.9754831827657651 0.9516374852988563 0.904033384316804 0.8164694078550101 0.6615177458373526 0.4244457407157319
283 2830 0 0 0 0.9926778866071895 0.9831946600182225 0.9783664105067564 0.9532858185394536 0.9038361299308989 0.8153308227984613 0.6580243997105651 0.42771965998636546
284 2840 0 0 0 0.9908502216380557 0.9807900806746774 0.9761145483774034 0.9558681820257955 0.9110248583746352 0.8249496534642471 0.6747340150729119 0.44839406078346455
285 2850 0 0 0 0.991482166425963 0.9836203357361206 0.9761108808795655 0.9535899690861438 0.9067433977334889 0.8233656206256081 0.6770645964150384 0.45045391228508447
286 2860 0 0 0 0.9916192554351578 0.9838338610069965 0.9785362478345023 0.957461192115986 0.9119726274783058 0.8333237736875053 0.6929242540677905 0.47144798830848916
287 2870 0 0 0 0.9934013632956297 0.9853167109214181 0.9807396859856283 0.9580174183565062 0.9119161839846792 0.8332424879212448 0.6958161049715391 0.48097325436714233
288 2880 0 0 0 0.992171327039217 0.9827355355355476 0.9792354956831859 0.9590034594645559 0.915503883868421 0.8379072475278312 0.7048349563866452 0.49469851804406856
289 2890 0 0 0 0.9942819384581042 0.9846855830301 0.9778626864126189 0.9552409482938498 0.9100351674321348 0.8357641423617657 0.6989314225465592 0.4898759897733713
290 2900 0 0 0 0.9948720142323528 0.9857724563221029 0.9823637679004794 0.9614925841175076 0.9216163562006648 0.8524328637597478 0.7240593067089945 0.5207094662049571
291 2910 0 0 0 0.9942916251932162 0.9863611711574289 0.9822037659892113 0.961626450099256 0.9212651214530371 0.8457357252030538 0.7185261087666954 0.5165621160754581
292 2920 0 0 0 0.9945087428579429 0.9845262672633643 0.982056690365244 0.9648351765379434 0.9274762936123992 0.858043052419543 0.7309775700190219 0.5291369245996803
293 2930 0 0 0 0.9943188927043592 0.9860121070318101 0.9839929666517891 0.96520423107428 0.9280940002195952 0.859847112038907 0.7350172516558309 0.5322727569911389
294 2940 0 0 0 0.9968567708555355 0.9886666329457708 0.9849680441087839 0.9655886094864088 0.9286073131547713 0.8634731315521251 0.7418622700025005 0.5430431918794589
295 2950 0 0 0 0.9972835718824401 0.9884983436932077 0.9834091839361061 0.963646737088954 0.9266586788720198 0.865014316343336 0.7474164675679223 0.5505059569823739
296 2960 0 0 0 0.9957067615973433 0.9885018480892904 0.982372089979384 0.9632749494884992 0.9268087386981064 0.8636590067824886 0.7448996512366531 0.5511401542558617
297 2970 0 0 0 0.9967781924263661 0.9888477389202673 0.9840461241867765 0.9662774051156596 0.9314741013434867 0.8689016084245902 0.7531792206443653 0.56228503883878
298 2980 0 0 0 0.9972063058830855 0.9892611852554604 0.9840539550872426 0.9681289013437114 0.9347338669044093 0.8777924891119069 0.7658826649574576 0.5828884613565716
299 2990 0 0 0 0.997046686290469 0.9895312108491859 0.9861024804550991 0.9694981069385189 0.9370136723999556 0.8790264902671026 0.7681303020465832 0.5847339177092444
300 3000 0 0 0 0.9944384425367595 0.9895266433721168 0.9848966082470266 0.9693850833834635 0.9377812262181769 0.879035048826265 0.7712236105664616 0.5893348544997917
301 3010 0 0 0 0.9947371001458362 0.9892982586277652 0.9853015286527492 0.9692393222143464 0.939985424700445 0.8852327712024096 0.7793623738484936 0.5999501879091873
302 3020 0 0 0 0.9948778122087643 0.9888273342412782 0.9831108988404332 0.9697249812009568 0.9416681508280504 0.8886135194794109 0.7861322124543296 0.6158151194003615
303 3030 0 0 0 0.9946390087382249 0.9893642035011367 0.9841580340752693 0.9718106013611497 0.9436443895095289 0.8897605783505901 0.789939405099425 0.6244279777841806
304 3040 0 0 0 0.9942774494081433 0.9894204981399412 0.9864161555954377 0.9751984490348449 0.9517550487701656 0.9059579530051094 0.8188299296591613 0.6699626191369712
305 3050 0 0 0 0.9932396565428279 0.9910302284282658 0.9891259453360928 0.9778641071450196 0.9580364250235545 0.9148121556996109 0.8349251354772464 0.6981766285935693
306 3060 0 0 0 0.9925413842690085 0.9931518377270103 0.9885374317572481 0.9814372168636816 0.9616043831725652 0.9214345991663685 0.8480036484229151 0.7139739580328255
307 3070 0 0 0 0.9928087622213252 0.9943203470525407 0.9896143308416956 0.9803597338773806 0.9620311577313225 0.926153589722959 0.8569083976005489 0.726355070996497
308 3080 0 0 0 0.9950714595368639 0.9947505903837766 0.9882430350910384 0.9774951051018598 0.9549934708918879 0.9148756498349561 0.8382141923953372 0.7007657115746803
309 3090 0 0 0 0.9976362284315148 0.9967572137334347 0.9908193313857236 0.9808002499410667 0.9642840579907995 0.9313348784189897 0.8698076350105644 0.7515049188021276
310 3100 0 0 0 0.9981045265497169 0.9957365432565121 0.9904695624760503 0.9799067874772522 0.9622580546651286 0.9321644725897362 0.8744082511671482 0.7631879277998203
311 3110 0 0 0 0.9984921628121417 0.9966209001259333 0.9924730498748131 0.9849966876016047 0.9689717987662498 0.9436624632527517 0.8956318568746848 0.7975674917938584
312 3120 0 0 0 0.9966477853142386 0.9979284344673367 0.9929978629124314 0.989994134589869 0.9780779233302113 0.9548300784635794 0.9086047280935904 0.8246415631126227
313 3130 0 0 0 0.9955831898060624 0.9979224906433531 0.9928310932314419 0.9881431689452237 0.9774610379476326 0.9549692337432182 0.9093072518437545 0.8239080069171468
314 3140 0 0 0 0.9979170687386459 0.9988794527131098 0.9938102540379552 0.9917423745385265 0.9827322716109274 0.9643891014271377 0.9243070480628635 0.8508961764998049
315 3150 0 0 0 0.9993658437216518 0.9992068832400653 0.9952614090854984 0.9916234375917967 0.984768923862683 0.9686917655589145 0.9305593208312845 0.8684883117375019
316 3160 0 0 0 0.9969828320134956 0.9968594371022468 0.9941509756065785 0.9863177209347854 0.9777782005384155 0.9608389178930671 0.9197286652589765 0.848101810173234
317 3170 0 0 0 0.9983157128942463 0.9980197500088434 0.9948465409734104 0.9885596737020669 0.9817805286605806 0.9652617754288897 0.9262796361162005 0.8554604435672345
318 3180 0 0 0 0.9976309526228552 0.9981271314956294 0.9961399872272184 0.9899931373443809 0.9843979507993206 0.9692532360638123 0.9342103548747107 0.8702822484964733
319 3190 0 0 0 0.9984434888626877 0.9985835841320487 0.9972785631036908 0.9924731275172656 0.9886730684971845 0.9767919556902752 0.9494457846952628 0.8995362864414347
320 3200 0 0 0 1.000258088652632 0.9998075263382667 0.9987854673107817 0.9916992611413968 0.9879511357216504 0.9746644755750496 0.9476120953694951 0.8948696113003783
321 3210 0 0 0 1.0006887021991946 0.9998719624975552 0.9987206067062934 0.9934428996332031 0.9900508111202484 0.9796831603544837 0.9587749335200442 0.918374937219499
322 3220 0 0 0 1.0005469551608304 1.0005757485523603 0.9999228461127841 0.9960107463846043 0.9936162019884323 0.9847110070666197 0.9692357305526864 0.937472404645685
323 3230 0 0 0 1.0007867485401944 1.0003574614384565 1.000302474895834 0.9956521717173752 0.9903060732406728 0.9789041326500256 0.9577021177785674 0.919324043262276
324 3240 0 0 0 0.9995002144817583 0.9991153142534761 0.9995304221231975 0.9967949516169266 0.9918977145230434 0.9835029075584668 0.9661825810836684 0.9329337735171477
325 3250 0 0 0 0.9996396218581276 1.0010661292590746 0.9991238548421634 0.9978933780722608 0.9926784708798285 0.9855492880291388 0.9721657993800661 0.9429040549185087
326 3260 0 0 0 0.9985848915122548 0.9998174382389107 0.9985750185704283 0.9960299721803147 0.9886803216040853 0.978388877329202 0.9570618030663363 0.9160798941915146
327 3270 0 0 0 0.9980820849085659 0.9991169031632642 0.9980530174499112 0.994995658030821 0.9888656054254451 0.9787753100796459 0.9576146576074063 0.9188743810375739
328 3280 0 0 0 0.9990551468728385 0.9987865706533771 0.9984121357152145 0.9976362831863396 0.9945024027956958 0.9873987843451149 0.9733265662763181 0.9459399567207655
329 3290 0 0 0 0.9978178754537362 0.9977846727053669 0.9977697888102018 0.9967028442087085 0.9931341525047507 0.9845699948517932 0.9691745871067096 0.9393067580866794
330 3300 0 0 0 0.9977563615104121 0.9982855074828788 0.9974575031552123 0.9964433684402182 0.9928896558422768 0.985190971946619 0.9705832874155451 0.940793309307566
331 3310 0 0 0 0.9990593785443395 0.9986025809251898 0.9976325037273133 0.9960407393032612 0.9916855028568874 0.982820345817494 0.9680905949292491 0.9360617764742752
332 3320 0 0 0 0.9993186979053889 0.9990671707191681 0.9977223990211832 0.9963546995493219 0.992861356997089 0.985010407905195 0.9708904809379687 0.9409135465156357
333 3330 0 0 0 0.9989262368458456 0.9989120172014457 0.9975634584062933 0.9972089524717349 0.9949715003207876 0.9898381309733165 0.9800671315600857 0.9585016971131859
334 3340 0 0 0 0.9985171444372911 0.9989244775738896 0.9970205744539076 0.9965288325982652 0.9938744750200492 0.9885763814252613 0.9778118766196716 0.9551058419581047
335 3350 0 0 0 0.9993607180791461 0.9995709026246923 0.998047562575855 0.9973939501822572 0.9950456424967737 0.9899694185224238 0.979307414580968 0.9578590780672759
336 3360 0 0 0 0.9991687663107692 0.9993882643415731 0.9982276150497417 0.997696574014029 0.9949918621135838 0.9901739009162291 0.9809009731875342 0.9622521407448174
337 3370 0 0 0 0.9990770294293667 0.9995198627311621 0.9983461661660529 0.9978008655597659 0.9954172075881724 0.991205823474442 0.9822246091304881 0.9646350107561675
338 3380 0 0 0 0.999133481786233 0.9996819291103793 0.9986640138474415 0.9979644875886312 0.9960967970532123 0.9921617724551899 0.9844109567014699 0.9680288948462851
339 3390 0 0 0 0.9992630656735968 0.9996540438746865 0.9989169780483923 0.9980113009983896 0.9958460303443064 0.9912875884575089 0.9828800941290594 0.9656438106201801
340 3400 0 0 0 0.9997645431808325 0.9993741446829393 0.9987946569238166 0.9981298555182538 0.9962213265191951 0.9916984730551763 0.9834186163261591 0.9665478151130841
341 3410 0 0 0 0.9998012742066059 0.9997534861111183 0.9988140088941664 0.9982994031689065 0.9962980332774813 0.9919815069180602 0.9844501981608399 0.9687918146261362
342 3420 0 0 0 0.9999809521461575 1.00003481183334 0.9988370949847348 0.9981394483743876 0.9959607554890321 0.9918988801897756 0.9842177635798443 0.9686285706308084
343 3430 0 0 0 1.000015708192465 0.999867524612255 0.9990050779729809 0.998119962145037 0.9960123549889307 0.9921062002590935 0.9847964836421024 0.9698912832023812
344 3440 0 0 0 0.9998068250090355 0.9998482715992626 0.9991943155017526 0.9984593127207035 0.9964820396276143 0.9934809871879222 0.9874820444452201 0.9748960182604198
345 3450 0 0 0 0.9995572593713726 0.9998520853105313 0.9993191942513956 0.9986120296607627 0.9970713633445811 0.994496953615666 0.989059466851767 0.9778706230455005
346 3460 0 0 0 0.999640507098554 1.0000949344115349 0.9995654128391972 0.9989928962287803 0.9977112107159873 0.995765227455028 0.9913211708272448 0.9825619015954659
347 3470 0 0 0 0.9996607430134493 0.9999376704460226 0.9994934479757569 0.998743338206397 0.9976878001361251 0.9958710674554496 0.9913684953867978 0.9826873943264756
348 3480 0 0 0 1.0000628625870247 1.000038087455946 0.9995762002456783 0.9986812416758691 0.9976366138100209 0.9955394711164873 0.9912543832147744 0.982578433553708
349 3490 0 0 0 1.0000763378221778 0.9998455399205406 0.9994449815650392 0.9987553801192084 0.9976297181919064 0.9949555161579133 0.9898971689713225 0.9798636024236839
350 3500 0 0 0 0.9998926365850621 0.999844284278522 0.9994795936140898 0.9989410420612538 0.997792700400248 0.9951865030998306 0.9901210279899204 0.9802601578758925
351 3510 0 0 0 0.9998657192040582 0.999764164236196 0.9994446751605622 0.9988554363184182 0.9979210904756493 0.9954871908284324 0.9908704091662162 0.9816960996440708
352 3520 0 0 0 0.9998796686028739 0.9996672849038847 0.9994609356695717 0.9986781104033393 0.9977186877605815 0.9955804083284308 0.9911128990946694 0.9820280633485303
353 3530 0 0 0 0.9996991806068283 0.9996784780831595 0.9996041616403293 0.9987331175078247 0.9979081582377294 0.9960086402873509 0.9918921622204357 0.9835868910109804
354 3540 0 0 0 0.9997529058692552 0.9996606713765994 0.9995728431635282 0.9988096900110086 0.9982482990878481 0.9968896499878765 0.9938165087596789 0.9876965758894273
355 3550 0 0 0 0.999675146412878 0.9996162912436405 0.9994203100147229 0.9989010231570409 0.9980042818577368 0.9958271327863876 0.9917508277753245 0.9835691739457542
356 3560 0 0 0 0.9996206415212593 0.9995979898227005 0.9994222626315735 0.9989127729249834 0.9981708399691235 0.9962170966332096 0.9926712651258903 0.9853244685353832
357 3570 0 0 0 0.9997410881251815 0.9995934013443827 0.9994520244222063 0.999073921615995 0.9982269582189011 0.9962212029477634 0.9924285559655367 0.9846856955404312
358 3580 0 0 0 0.9998150307339135 0.9997354280198855 0.9996878140934834 0.9991062047305872 0.99833544367971 0.9966321690666349 0.9932266789899523 0.9864042716699309
359 3590 0 0 0 0.9997202810471232 0.9996947174154586 0.9996006365203356 0.9990149868616375 0.9982669169655433 0.9966103949027645 0.9931285046469758 0.9862925783063313
360 3600 0 0 0 0.9998368245541008 0.999744929020879 0.9998567994074966 0.9993169317051307 0.9986284610758527 0.9973921293371077 0.994801392170026 0.9895680755539111
361 3610 0 0 0 0.999932835943952 0.999814799058117 0.9997113216473984 0.9993277754203588 0.9987009955130925 0.9975561372963468 0.9951907788936394 0.9903827815063009
362 3620 0 0 0 1.0000140434498577 0.9999084995644806 0.9997589067776929 0.9994859620753522 0.9988597257075581 0.9978520906775415 0.9958711453802628 0.9917186422934914
363 3630 0 0 0 0.9999913989646486 0.9998998371376668 0.9998869541372704 0.9995767268100673 0.9990895517471097 0.9984563190773792 0.9968298108314809 0.9937027728302547
364 3640 0 0 0 0.9999581548635823 0.999889689529221 0.9998869396934799 0.9998054991542542 0.9994785553899702 0.9992358519037242 0.9985130144364417 0.9972799843244005
365 3650 0 0 0 0.999975450230476 0.9999826822830935 0.9999491656884832 1.000016281933682 0.9997804257680348 0.9998474692214637 0.9995545545085678 0.9990701149339538
366 3660 0 0 0 1.0000111906336906 0.9999354010861474 1.0000772023153819 1.0001813095271992 1.0000551197699785 1.000485413281515 1.0009371608504496 1.0019111014046553
367 3670 0 0 0 0.9999704503218666 0.9999385359123463 1.000006525305907 1.000055393186997 1.0001351188713088 1.0004111647735576 1.0007535522338213 1.001386182395245
368 3680 0 0 0 0.999916080082157 0.9999277573955531 0.9998290514684364 0.9997414944685058 0.9996188765565464 0.9993376366179955 0.9987202216780623 0.9975053384297652
369 3690 0 0 0 0.9999689725952893 0.9998859264385002 0.999824248766865 0.9998548057600296 0.9996522611535475 0.9995739672232524 0.9992220808450061 0.998439448967966
370 3700 0 0 0 0.9999748810328907 0.9999457086323544 0.9999506404512104 1.000049511278276 1.0001068474527317 1.0004938952149405 1.0009881800529485 1.0019269554359638
371 3710 0 0 0 0.9999211003751365 0.9999651022185345 1.0000735636715177 1.000137158733845 1.00013727172873 1.000352015856116 1.000595975398604 1.001103914409066
372 3720 0 0 0 0.9999809004739806 0.9999022551244233 0.9999675761572815 0.9999676032966596 0.9998632085734284 0.9997620021401052 0.999453602566381 0.9989735161415464
373 3730 0 0 0 0.9999601027579574 0.9999245775803598 0.9999993902654659 0.9999739856700685 0.9999896779288623 0.9999919384201483 0.9999270881188325 0.9999039222171797
374 3740 0 0 0 0.999960234404069 0.9999313196442432 0.9999930041292491 0.9999606278729894 1.0000425839141138 1.0001992305703293 1.0003004675959395 1.0006529893631304
375 3750 0 0 0 1.0000252394250815 1.000001588106257 1.000047470574711 1.0000135392801148 1.0000831620982753 1.0001592143297293 1.0002615772063865 1.0005734499043015
376 3760 0 0 0 1.000006202459252 1.0000085574458404 0.9999983530457671 1.0000164391803785 1.0000936041428043 1.0001194847024153 1.000221721122809 1.000565038860334
377 3770 0 0 0 0.9999898942047778 0.9999857042300201 1.0000200602709637 1.000072892012523 1.0001757156274504 1.0003261744374905 1.0005634188515085 1.0012386138684897
378 3780 0 0 0 0.9999931611656102 0.9999603518408705 1.0000081057827013 1.0001195320953278 1.0002362098846942 1.0004594784463918 1.000830423606443 1.0018013481870036
379 3790 0 0 0 0.999988077569503 0.9999567976005052 0.9999699246671973 1.0000436985470575 1.0001179922982184 1.0003041428405384 1.0005329335399589 1.0011267061156095
380 3800 0 0 0 1.0000094178819512 0.9999756828829814 0.9999910343275975 1.000078345923757 1.000150447194057 1.0004025450969019 1.0007587249712864 1.0015787237193345
381 3810 0 0 0 0.9999990201669681 0.9999979902472766 1.0000154741493648 1.0001173493527515 1.0002447952777507 1.0005571890073426 1.0010645338303976 1.00215223143206
382 3820 0 0 0 1.0000081330536084 0.9999559949769836 0.9999632344465397 1.0000110562220168 1.00007898137395 1.0001841063831987 1.0002768493000251 1.0005930329208754
383 3830 0 0 0 0.9999825502472441 0.9999674668693112 0.9999648421946832 1.0000338941909959 1.000113062546877 1.0002523985361864 1.000497394819733 1.001030456870207
384 3840 0 0 0 0.999995046498688 0.9999780512166562 0.9999743700291764 0.9999859867897233 1.0000374683191946 1.0001332052571683 1.0002455982611977 1.0005058282915793
385 3850 0 0 0 1.0000311257873848 1.0000084063346582 0.9999893553110686 1.0000109577419298 1.0000462883389338 1.000117028141477 1.0002290557436382 1.000490267144842
386 3860 0 0 0 1.0000179271397562 0.9999969745275553 0.9999975655412997 1.000021507067697 1.0000633702435668 1.0001603091757887 1.0003090656199984 1.0006583624640646
387 3870 0 0 0 1.0000232329665868 1.0000091503202577 1.0000323764443122 1.0000606829906378 1.0001020442193014 1.0002038671557567 1.0003945376728713 1.0008156354257947
388 3880 0 0 0 1.0000280640346786 1.0000156522167651 1.0000384870074177 1.0000544170782677 1.0000930300854918 1.0001700904074586 1.000300471852556 1.0006250679705713
389 3890 0 0 0 1.0000359995732395 1.0000151705993605 1.000025602360598 1.000042233991523 1.0000857248023096 1.000169606317877 1.0003233466528256 1.0006686278922543
390 3900 0 0 0 1.0000316279240962 1.000010614112677 1.0000120291385577 1.0000347837197825 1.0000648863481743 1.0001341128835954 1.0002432867985336 1.0004953441830657
391 3910 0 0 0 1.0000202261640578 1.0000028310351898 1.0000077302462373 1.0000325477091772 1.0000726948191105 1.0001437959798776 1.0002604299714217 1.0005097205748403
392 3920 0 0 0 1.0000107239624894 0.9999980892633599 1.000002819793814 1.000010377328719 1.0000485776886001 1.0001032637322889 1.0001816617354327 1.0003676450389687
393 3930 0 0 0 1.0000111768121789 1.0000089536982146 1.000011712083513 1.000023030421714 1.000054355329412 1.0000966860950546 1.00018048522007 1.000358927729983
394 3940 0 0 0 1.0000090368992878 1.0000099523241759 1.0000108637091434 1.0000264914703836 1.000046052144068 1.0000721380530813 1.000142744858345 1.0002909215371059
395 3950 0 0 0 1.000007724105036 1.0000059542632338 1.0000133887326983 1.0000190194607115 1.00004364228301 1.0000819005177013 1.0001561728280526 1.000318983307742
396 3960 0 0 0 1.000006526099425 1.000008985585065 1.0000122350619407 1.0000118778700864 1.0000272356675486 1.0000462802143906 1.0000822839622776 1.0001717286446317
397 3970 0 0 0 1.0000050546207606 1.0000112622709434 1.0000130808359973 1.0000098503468111 1.0000133246204235 1.0000163823666235 1.0000273640375492 1.0000520133071873
398 3980 0 0 0 1.0000087675327565 1.0000023194599605 0.9999995205284093 0.9999945795281135 0.999980751330292 0.9999592597217084 0.9999144140343621 0.9998255355749982
399 3990 0 0 0 0.9999987230116767 1.0000017513910953 0.9999998742079028 1.0000027396100595 0.999994544144168 0.9999905125044461 0.999988826493853 0.9999742578801379
400 4000 0 0 0 0.9999968268077252 0.9999998210657515 1.000002235492681 1.0000085902175457 1.0000134846580242 1.0000270135845655 1.0000506924649872 1.0000972361480607
401 4010 0 0 0 0.9999980134583857 0.9999980624251618 0.9999951711844577 0.9999964204503311 0.9999941006195119 0.9999839140440786 0.9999649639999099 0.9999177516524247
402 4020 0 0 0 0.9999967889758951 0.999996999644093 0.999993020515909 0.9999898093466962 0.999987421526274 0.9999693210769824 0.9999317061710206 0.9998598682078531
403 4030 0 0 0 0.9999938990518661 0.9999941354844574 0.9999944003445193 0.9999878705407569 0.9999889816383498 0.9999666887390415 0.9999274741965501 0.999853997169105
404 4040 0 0 0 0.9999952237986444 0.9999966990214367 0.9999929120860316 0.9999914446173483 0.9999789054382966 0.9999498904042354 0.9998990005598358 0.9997923714101421
405 4050 0 0 0 0.9999976195143345 0.9999960356439049 0.999995051240074 0.9999958850760734 0.9999864456763145 0.9999674498292829 0.9999314539614539 0.9998594904307188
406 4060 0 0 0 0.9999966474257648 0.999998724978474 0.999998113269311 1.000001836927845 1.0000013377845856 0.9999976802218534 0.9999898752115526 0.9999781000938663
407 4070 0 0 0 0.9999971785501387 1.0000005810039445 1.00000262715538 1.0000087402501174 1.000015025808452 1.0000282372654237 1.000049375544583 1.0001004576394175
408 4080 0 0 0 0.9999949130804113 0.9999958079022881 0.9999990457068176 1.0000030357547773 1.000008758312135 1.0000114034409002 1.0000123791208484 1.0000249642820354
409 4090 0 0 0 0.9999947442699133 0.9999947578931117 0.9999956385616522 0.9999980133798262 0.9999993096249941 0.9999959796566684 0.9999851210206865 0.9999736411963591
410 4100 0 0 0 0.9999959846652557 0.9999990038849423 0.9999993141539412 1.0000022708706675 1.000001916519861 1.0000035008347552 1.0000027057576337 1.0000041044944243
411 4110 0 0 0 0.9999978144095594 0.9999993609032689 0.999999395191946 0.9999993836048628 0.9999980604657205 0.9999949949939697 0.9999870530266305 0.9999717388194168
412 4120 0 0 0 0.999999707550004 0.9999991997027017 0.9999994096749492 1.000000805537309 1.0000005078465917 1.000000772041283 0.9999998987832684 0.9999975516162615
413 4130 0 0 0 1.0000000407738696 0.999999172311287 0.9999998948688537 1.0000016633986137 1.0000035160270084 1.0000049379631593 1.0000088860258296 1.0000177438271243
414 4140 0 0 0 0.9999998016331257 0.9999993754397338 0.9999994289387578 0.9999994224385167 1.0000024928087539 1.0000009682895994 1.0000001471604993 0.9999989142874854
415 4150 0 0 0 1.0000015233178408 0.9999997931377855 0.9999991465285676 0.999997792790724 0.9999974272459555 0.9999920272200341 0.999983712359674 0.9999657431382543
416 4160 0 0 0 1.000000569574673 0.999999811975022 1.0000000070446073 0.9999995008871342 1.0000008930987911 0.9999994459535428 0.9999964425771802 0.9999915083816484
417 4170 0 0 0 1.0000015774461277 1.0000006367203849 1.0000000433399683 0.9999981807731397 0.9999990664436537 0.9999974694552171 0.9999932952068538 0.9999837340303814
418 4180 0 0 0 1.0000008544139765 1.0000007763020804 0.9999996660915051 0.9999982046443554 0.9999983030279204 0.9999970015499003 0.9999922103589309 0.999984485932475
419 4190 0 0 0 0.9999999925418003 0.9999998856333114 0.9999984288875768 0.9999969641672701 0.9999963522915629 0.999991229635115 0.9999801901259042 0.9999598916410575
420 4200 0 0 0 0.9999998328645561 0.999999686736087 0.9999986018787368 0.9999974584892879 0.9999975693981943 0.9999940958995542 0.9999866529985743 0.9999730425321244
421 4210 0 0 0 0.9999998036926424 0.9999999148732742 0.9999995104190769 0.999998542415814 0.9999997886865591 0.9999990712071691 0.9999973849918318 0.9999940397751509
422 4220 0 0 0 1.0000001320905334 1.0000004008299852 1.00000074997588 1.0000003623912133 1.000000572202465 1.0000006765646192 1.0000002484975352 0.9999999658700024
423 4230 0 0 0 0.9999996680407472 1.0000005185535634 0.9999999764405489 0.9999999640158047 1.000000274316218 0.9999997852372969 0.9999991675731699 0.999998239463812
424 4240 0 0 0 0.9999995846396272 1.0000002063169058 1.0000003034603342 1.000000866456454 1.000001247373167 1.0000018084084397 1.000002780723122 1.0000047534871341
425 4250 0 0 0 0.9999995665517116 0.9999999195639508 1.0000001187167198 1.0000007479147632 1.0000011094595904 1.0000020516953674 1.0000039940044045 1.0000085161633743
426 4260 0 0 0 0.9999997494307362 0.9999996280037611 0.9999993097612642 0.9999993175598824 0.9999992328943008 0.9999988592601239 0.9999990301343789 0.9999989501240624
427 4270 0 0 0 0.9999999384938032 0.9999999993001478 1.000000088220985 1.000000231471667 1.0000006799850565 1.00000184886921 1.0000037200473888 1.00000746915225
428 4280 0 0 0 0.9999999891092157 0.9999997755629095 0.9999999558334784 0.9999998964775063 0.9999997033459702 1.0000003601991814 1.0000012927885562 1.000002123364385
429 4290 0 0 0 0.9999999660003676 0.9999997845444646 1.000000191478534 1.0000002314872969 1.000000417578661 1.000001678195543 1.0000039107910788 1.0000074456571981
430 4300 0 0 0 0.9999995302023889 1.0000001358998096 1.0000000976617007 1.0000003182069388 1.0000004124137039 1.0000015019750599 1.0000033244429065 1.0000064274284077
431 4310 0 0 0 0.9999996288461668 1.0000000299692797 1.0000003945459195 1.00000060368344 1.0000005158284038 1.0000015426536428 1.0000030391201302 1.000005866509115
432 4320 0 0 0 0.9999996260357393 0.999999848387015 1.0000003603539076 1.0000002256575848 0.9999998008066056 1.0000002808528972 1.0000007008082725 1.0000008330191703
433 4330 0 0 0 0.9999996266838591 0.9999998406912816 1.0000003124077215 1.0000004899069432 1.0000008090573105 1.0000020920729527 1.0000041674600426 1.0000077575882227
434 4340 0 0 0 0.9999997176903058 0.9999998214127359 1.0000003374834128 1.0000003459916618 1.000000658181404 1.0000016959202178 1.0000027038965995 1.0000049284747006
435 4350 0 0 0 0.9999998533686544 0.9999997586620728 1.000000284292655 1.0000002691035872 1.0000001990581735 1.0000005494046769 1.000000581466122 1.000000725944884
436 4360 0 0 0 0.9999999674686771 0.9999998706074742 1.0000002852217662 1.000000210705073 1.0000001432430876 1.0000005637968046 1.0000006416653957 1.0000010679603335
437 4370 0 0 0 0.9999998076903668 1.0000000424712225 1.0000003219958598 1.0000006964911654 1.0000011123593517 1.0000024801175258 1.0000045040967533 1.000009054839043
438 4380 0 0 0 0.9999998095786602 1.0000000058491205 1.0000002372161152 1.0000004212510842 1.000000803602335 1.000001695239292 1.0000029321547372 1.0000055129342718
439 4390 0 0 0 0.9999999025063439 0.9999998565990279 1.0000000136653109 1.0000000366941229 1.0000000728734117 1.000000159517013 0.9999997369238713 0.999999085287635
440 4400 0 0 0 0.9999998496332556 0.9999997212941508 0.9999997139745479 0.9999997512860894 0.9999995991547455 0.9999991243120676 0.9999979325629879 0.9999955520432154
441 4410 0 0 0 0.9999997490766368 0.9999997008034265 0.9999996689388215 0.9999997142933177 0.9999995351323984 0.9999989702007768 0.9999977462397767 0.9999952163819735
442 4420 0 0 0 0.999999941267531 0.9999998700453336 0.999999862151495 0.9999998938056275 0.9999998650373729 0.9999994668591439 0.9999988530159789 0.9999974552272264
443 4430 0 0 0 0.9999998881870493 0.9999998918631962 0.9999998836436231 0.9999999518490205 0.9999999853778248 0.9999997718174669 0.9999992933329485 0.9999984297769329
444 4440 0 0 0 0.9999998480089282 0.9999998822924389 0.99999989021876 0.9999997457794519 0.9999995741314441 0.9999990813019447 0.9999980113109173 0.9999960927749421
445 4450 0 0 0 0.9999999588213202 0.9999999911626944 1.0000000475373467 1.000000051255949 0.999999968068966 0.9999998415011998 0.9999996598430977 0.999999280681445
446 4460 0 0 0 1.0000000243371479 0.9999999510569664 0.9999999983676131 1.0000001032198818 1.000000151138304 1.0000001198729822 1.0000001293448098 1.000000369824625
447 4470 0 0 0 1.0000000655874421 0.9999999520533327 1.000000010810737 1.0000000510719085 1.0000001948562125 1.0000002902976959 1.000000458111127 1.00000113905886
448 4480 0 0 0 1.0000000574770986 1.000000004894496 1.0000000692517648 1.0000000549560157 1.000000180910778 1.0000003445090628 1.000000845233983 1.0000018408101974
449 4490 0 0 0 1.000000045664234 0.9999999729706603 1.0000000605286865 1.0000000766805337 1.000000148759477 1.0000003149643157 1.0000006648736357 1.0000013220404191
450 4500 0 0 0 1.0000000883720912 0.9999999795471952 1.0000000472807709 1.0000001146458104 1.0000000892637828 1.0000001851710887 1.0000004255572381 1.0000007476955026
451 4510 0 0 0 1.0000000735769643 1.0000000160851665 0.9999999942122524 1.0000001386480555 1.0000002286424536 1.0000004472725867 1.0000009605986093 1.0000017615620849
452 4520 0 0 0 1.0000000996833929 1.000000030908691 1.0000000277234984 1.0000001230342288 1.0000001963299017 1.0000003877218597 1.000000828820209 1.0000015934482998
453 4530 0 0 0 1.0000000993377416 0.9999999929129814 0.9999999349305262 0.9999999981044567 0.9999999173592583 0.9999998443071603 0.9999998181841102 0.9999995889215364
454 4540 0 0 0 1.0000000414066885 0.9999999547610541 0.9999999736003987 0.9999999073057236 0.9999997685416819 0.999999568882551 0.9999992841959582 0.9999985716000545
455 4550 0 0 0 0.9999999982312281 0.9999999589015894 1.0000000165609997 0.999999902120284 0.9999998449508258 0.9999997011025515 0.9999994868182871 0.9999989692110443
456 4560 0 0 0 0.9999999619317135 0.9999999383124454 0.9999999767117138 0.9999999041551847 0.9999998595928515 0.9999997185729309 0.9999995059656976 0.9999990239192051
457 4570 0 0 0 1.0000000153605213 0.9999999853031832 0.9999999598882998 0.9999999096720507 0.999999836581073 0.9999996496103697 0.9999993011775131 0.9999986260900033
458 4580 0 0 0 1.0000000227471946 1.0000000193561902 0.9999999638290096 0.999999926353726 0.9999998283046339 0.9999996108361713 0.9999992252281252 0.9999984222107509
459 4590 0 0 0 1.0000000180630415 0.9999999991351494 0.9999999785322232 0.9999999735437769 0.9999999048269852 0.9999997834452992 0.9999995615498608 0.9999990919612666
460 4600 0 0 0 1.0000000301488792 1.0000000151193082 1.0000000217852087 1.0000000818465762 1.0000000907579174 1.0000001108076066 1.0000002632228182 1.000000510047683
461 4610 0 0 0 1.0000000277557632 0.9999999886006977 0.9999999791572419 1.0000000624905896 1.0000000661097819 1.0000001178800448 1.0000003121984165 1.0000006190636468
462 4620 0 0 0 1.0000000308492312 0.9999999887130288 0.9999999854933709 1.0000000630800392 1.0000001047036224 1.0000001507939003 1.0000003025582012 1.000000555734297
463 4630 0 0 0 1.0000000270892868 1.0000000126578972 1.0000000067177814 1.0000000595190306 1.000000098962083 1.000000169108315 1.000000394277678 1.000000724508306
464 4640 0 0 0 1.0000000165299416 1.0000000007432706 0.9999999894701208 0.9999999885732253 0.9999999803922575 0.9999999710212474 0.9999999709351404 0.9999999158613838
465 4650 0 0 0 1.0000000053111373 1.0000000042435666 1.0000000069830135 1.0000000102145328 1.0000000046495112 1.0000000270686416 1.0000000171876104 1.0000000340893913
466 4660 0 0 0 1.0000000053385691 1.0000000030682579 1.0000000026713827 1.0000000048365454 1.000000020901541 1.000000057139555 1.0000000802065874 1.0000001672010823
467 4670 0 0 0 0.9999999961706318 1.0000000053247617 1.0000000145989154 1.0000000289505362 1.0000000524848607 1.0000001383706105 1.0000002505343921 1.0000005164881112
468 4680 0 0 0 0.9999999896256351 0.9999999887302573 1.000000007452263 1.0000000293412596 1.000000057306976 1.0000001229919362 1.000000221349802 1.0000004363579187
469 4690 0 0 0 0.9999999852834712 0.9999999860597698 1.0000000005036915 1.0000000031138792 1.0000000091217927 1.0000000248658154 1.0000000603339603 1.0000001131691072
470 4700 0 0 0 0.9999999851754763 0.9999999949661622 1.0000000031720235 1.0000000019170752 1.0000000072213193 1.0000000082660079 1.00000001334885 1.000000022488068
471 4710 0 0 0 0.9999999887392595 1.0000000007912164 0.9999999955777708 0.9999999939372353 0.9999999772064957 0.9999999509525231 0.9999998976009254 0.9999998036821139
472 4720 0 0 0 0.99999999110944 0.999999999985295 0.9999999999022245 1.0000000001633693 0.9999999851143396 0.999999950075624 0.9999998920948778 0.9999998009350953
473 4730 0 0 0 0.9999999860268195 0.9999999984612188 0.9999999922937509 1.0000000023032096 0.9999999887811649 0.999999969155492 0.999999948161741 0.9999999144446893
474 4740 0 0 0 0.9999999938601845 0.9999999982747015 1.0000000040576855 1.0000000115487724 1.000000015087611 1.0000000353398164 1.0000000723028233 1.00000015005829
475 4750 0 0 0 0.9999999974532856 1.0000000018164175 1.0000000029915634 1.0000000090484584 1.000000020521243 1.0000000455591183 1.000000081548042 1.0000001623083357
476 4760 0 0 0 1.0000000024329003 0.9999999959789261 1.0000000002514502 1.0000000009180845 1.0000000110454565 1.000000029307073 1.0000000572202559 1.0000001165263324
477 4770 0 0 0 1.0000000003112084 0.9999999964721192 0.9999999922074634 0.9999999977312092 0.9999999967448732 1.000000002804532 1.000000002768361 1.0000000076096667
478 4780 0 0 0 1.0000000020716153 1.0000000019594402 0.9999999982951736 0.9999999955183871 0.9999999903765978 0.9999999840758215 0.9999999628337111 0.9999999220776389
479 4790 0 0 0 1.000000006418952 1.0000000013131898 1.0000000006239234 0.99999999759002 0.9999999903798775 0.9999999868998842 0.9999999668261046 0.9999999380236668
480 4800 0 0 0 1.0000000041209247 1.000000001049584 1.000000001948203 0.9999999930023963 0.9999999933491333 0.9999999921184376 0.9999999853216148 0.9999999736934089
481 4810 0 0 0 1.0000000038551768 1.000000000697725 1.000000004566226 1.000000003375417 1.0000000034371235 1.0000000150897062 1.0000000348288414 1.0000000730594354
482 4820 0 0 0 1.0000000020257445 0.9999999994351512 1.0000000018371746 1.0000000061483239 1.0000000134298717 1.0000000288292907 1.0000000648557992 1.0000001278507007
483 4830 0 0 0 0.9999999989852306 0.9999999993661859 1.000000000726923 1.000000007839497 1.000000015465697 1.0000000343796416 1.0000000714579043 1.0000001391468234
484 4840 0 0 0 1.000000000127685 1.0000000004541583 1.00000000324998 1.0000000051084643 1.0000000096143862 1.0000000211742994 1.0000000470922106 1.0000000977523937
485 4850 0 0 0 1.0000000015535324 1.0000000024967972 1.0000000013825987 0.9999999996342149 1.0000000004018177 1.0000000002959657 1.0000000010894903 1.0000000059944143
486 4860 0 0 0 1.0000000021702873 1.0000000010324541 1.0000000014654138 1.0000000034948566 1.0000000067681443 1.0000000127672517 1.000000022107336 1.0000000447479525
487 4870 0 0 0 1.0000000017522623 1.0000000016994917 1.0000000027742948 1.0000000036929886 1.00000000425057 1.0000000094750034 1.0000000192110066 1.000000041311029
488 4880 0 0 0 1.0000000014457162 1.0000000015778778 1.0000000011324102 1.000000001482755 1.0000000010324046 1.0000000025023257 1.0000000066291592 1.0000000143236032
